=========
RE	1e-08
ME	0	0	0	|	0	0
ME	0.01609	0	0	|	0	0
ME	0.02599	0	2.5e-05	|	2.5e-05	0
ME	0.03736	0	2.5e-05	|	2.5e-05	0
ME	0.05044	0	2.5e-05	|	2.5e-05	0
ME	0.06548	0	0	|	2.5e-05	0
ME	0.08276	0	0	|	2.5e-05	0
ME	0.10264	0	0	|	2.5e-05	0
ME	0.12549	0	0	|	2.5e-05	0
ME	0.15176	0	0	|	2.5e-05	0
ME	0.18197	0	0	|	2.5e-05	0
ME	0.21669	0	0	|	2.5e-05	0
ME	0.25662	0	0	|	2.5e-05	0
ME	0.30252	0	0	|	2.5e-05	0
ME	0.3553	0	0	|	2.5e-05	0
ME	0.41597	0	0	|	2.5e-05	0
ME	0.48573	0	0	|	2.5e-05	0
ME	0.56593	0	0	|	2.5e-05	0
ME	0.65814	0	0	|	2.5e-05	0
ME	0.76415	0	0	|	2.5e-05	0
ME	0.88604	0	0	|	2.5e-05	0
ME	1.02617	0	0	|	2.5e-05	0
ME	1.18728	0	0	|	2.5e-05	0
ME	1.37251	0	0	|	2.5e-05	0
ME	1.58546	0	0	|	2.5e-05	0
ME	1.8303	0	0	|	2.5e-05	0
ME	2.11179	0	0	|	2.5e-05	0
ME	2.80751	0	0	|	2.5e-05	0
NE	0	0	0.16222
NE	0.01609	0.12107	0.08878
NE	0.02599	0.14003	0.12348
NE	0.03736	0.18508	0.2708
NE	0.05044	0.49165	0.4555
NE	0.06548	0.82661	0.82661
NE	0.08276	1.14354	1.14354
NE	0.10264	1.34444	1.34444
NE	0.12549	1.65399	1.65399
NE	0.15176	1.45277	1.45277
NE	0.18197	1.22545	1.22545
NE	0.21669	1.07908	1.07908
NE	0.25662	0.89271	0.89271
NE	0.30252	0.77217	0.77217
NE	0.3553	0.660175	0.660175
NE	0.41597	0.60433	0.60433
NE	0.48573	0.52659	0.52659
NE	0.56593	0.486485	0.486485
NE	0.65814	0.44161	0.44161
NE	0.76415	0.428955	0.428955
NE	0.88604	0.436955	0.436955
NE	1.02617	0.444125	0.444125
NE	1.18728	0.43693	0.43693
NE	1.37251	0.42752	0.42752
NE	1.58546	0.33723	0.33723
NE	1.8303	0.258485	0.258485
NE	2.11179	0.161405	0.161405
NE	2.80751	0.99263	0.99263
=========
RE	1.70788e-08
ME	0	0	0	|	0	0
ME	0.01609	0	0	|	0	0
ME	0.02599	0	4.33327e-05	|	3.58898e-05	0
ME	0.03736	0	3.71726e-05	|	3.1834e-05	0
ME	0.05044	0	2.46738e-05	|	2.48997e-05	0
ME	0.06548	0	0	|	0	0
ME	0.08276	0	0	|	0	0
ME	0.10264	0	0	|	0	0
ME	0.12549	0	0	|	0	0
ME	0.15176	0	0	|	0	0
ME	0.18197	0	0	|	0	0
ME	0.21669	0	0	|	0	0
ME	0.25662	0	0	|	0	0
ME	0.30252	0	0	|	0	0
ME	0.3553	0	0	|	0	0
ME	0.41597	0	0	|	0	0
ME	0.48573	0	0	|	0	0
ME	0.56593	0	0	|	0	0
ME	0.65814	0	0	|	0	0
ME	0.76415	0	0	|	0	0
ME	0.88604	0	0	|	0	0
ME	1.02617	0	0	|	0	0
ME	1.18728	0	0	|	0	0
ME	1.37251	0	0	|	0	0
ME	1.58546	0	0	|	0	0
ME	1.8303	0	0	|	0	0
ME	2.11179	0	0	|	0	0
ME	2.80751	0	0	|	0	0
NE	0	0.429764	0.252151
NE	0.01609	0.186839	0.137627
NE	0.02599	0.20884	0.194711
NE	0.03736	0.282637	0.414031
NE	0.05044	0.732163	0.694078
NE	0.06548	0.73404	0
NE	0.08276	1.10972	0
NE	0.10264	1.32242	0
NE	0.12549	1.59155	0
NE	0.15176	1.44704	0
NE	0.18197	1.20039	0
NE	0.21669	1.09902	0
NE	0.25662	0.895677	0
NE	0.30252	0.776241	0
NE	0.3553	0.651569	0
NE	0.41597	0.583839	0
NE	0.48573	0.51132	0
NE	0.56593	0.447456	0
NE	0.65814	0.406723	0
NE	0.76415	0.403521	0
NE	0.88604	0.411237	0
NE	1.02617	0.40724	0
NE	1.18728	0.428608	0
NE	1.37251	0.426786	0
NE	1.58546	0.318443	0
NE	1.8303	0.212643	0
NE	2.11179	0.143461	0
NE	2.80751	0	0
=========
RE	2.56825e-08
ME	0	0	0	|	0	0
ME	0.01609	0	0	|	0	0
ME	0.02599	0	5.24373e-05	|	4.96942e-05	0
ME	0.03736	0	4.43836e-05	|	3.84674e-05	0
ME	0.05044	0	2.7262e-05	|	2.86671e-05	0
ME	0.06548	0	0	|	0	0
ME	0.08276	0	0	|	0	0
ME	0.10264	0	0	|	0	0
ME	0.12549	0	0	|	0	0
ME	0.15176	0	0	|	0	0
ME	0.18197	0	0	|	0	0
ME	0.21669	0	0	|	0	0
ME	0.25662	0	0	|	0	0
ME	0.30252	0	0	|	0	0
ME	0.3553	0	0	|	0	0
ME	0.41597	0	0	|	0	0
ME	0.48573	0	0	|	0	0
ME	0.56593	0	0	|	0	0
ME	0.65814	0	0	|	0	0
ME	0.76415	0	0	|	0	0
ME	0.88604	0	0	|	0	0
ME	1.02617	0	0	|	0	0
ME	1.18728	0	0	|	0	0
ME	1.37251	0	0	|	0	0
ME	1.58546	0	0	|	0	0
ME	1.8303	0	0	|	0	0
ME	2.11179	0	0	|	0	0
ME	2.80751	0	0	|	0	0
NE	0	0.582898	0.32436
NE	0.01609	0.246838	0.190027
NE	0.02599	0.287074	0.277042
NE	0.03736	0.370819	0.560693
NE	0.05044	0.961408	0.926278
NE	0.06548	0.704096	0
NE	0.08276	1.07737	0
NE	0.10264	1.26396	0
NE	0.12549	1.52273	0
NE	0.15176	1.37153	0
NE	0.18197	1.1598	0
NE	0.21669	1.04326	0
NE	0.25662	0.870637	0
NE	0.30252	0.756589	0
NE	0.3553	0.622914	0
NE	0.41597	0.551934	0
NE	0.48573	0.473693	0
NE	0.56593	0.423792	0
NE	0.65814	0.382611	0
NE	0.76415	0.377027	0
NE	0.88604	0.395493	0
NE	1.02617	0.391477	0
NE	1.18728	0.419962	0
NE	1.37251	0.416632	0
NE	1.58546	0.291404	0
NE	1.8303	0.218052	0
NE	2.11179	0.164127	0
NE	2.80751	0	0
=========
RE	3.46101e-08
ME	0	0	0	|	0	0
ME	0.01609	0	0	|	0	0
ME	0.02599	0	7.03896e-05	|	7.0671e-05	0
ME	0.03736	0	5.10934e-05	|	4.29089e-05	0
ME	0.05044	0	2.95031e-05	|	3.08227e-05	0
ME	0.06548	0	0	|	0	0
ME	0.08276	0	0	|	0	0
ME	0.10264	0	0	|	0	0
ME	0.12549	0	0	|	0	0
ME	0.15176	0	0	|	0	0
ME	0.18197	0	0	|	0	0
ME	0.21669	0	0	|	0	0
ME	0.25662	0	0	|	0	0
ME	0.30252	0	0	|	0	0
ME	0.3553	0	0	|	0	0
ME	0.41597	0	0	|	0	0
ME	0.48573	0	0	|	0	0
ME	0.56593	0	0	|	0	0
ME	0.65814	0	0	|	0	0
ME	0.76415	0	0	|	0	0
ME	0.88604	0	0	|	0	0
ME	1.02617	0	0	|	0	0
ME	1.18728	0	0	|	0	0
ME	1.37251	0	0	|	0	0
ME	1.58546	0	0	|	0	0
ME	1.8303	0	0	|	0	0
ME	2.11179	0	0	|	0	0
ME	2.80751	0	0	|	0	0
NE	0	0.658652	0.379581
NE	0.01609	0.309452	0.232886
NE	0.02599	0.346891	0.346909
NE	0.03736	0.457546	0.673605
NE	0.05044	1.10567	1.10823
NE	0.06548	0.661449	0
NE	0.08276	0.989049	0
NE	0.10264	1.17601	0
NE	0.12549	1.43883	0
NE	0.15176	1.29895	0
NE	0.18197	1.09303	0
NE	0.21669	0.996851	0
NE	0.25662	0.819994	0
NE	0.30252	0.709549	0
NE	0.3553	0.578968	0
NE	0.41597	0.515629	0
NE	0.48573	0.446625	0
NE	0.56593	0.398776	0
NE	0.65814	0.361974	0
NE	0.76415	0.356927	0
NE	0.88604	0.381093	0
NE	1.02617	0.371398	0
NE	1.18728	0.404294	0
NE	1.37251	0.406418	0
NE	1.58546	0.281353	0
NE	1.8303	0.223271	0
NE	2.11179	0.132663	0
NE	2.80751	0	0
=========
RE	4.32086e-08
ME	0	0	0	|	0	0
ME	0.01609	0	0	|	0	0
ME	0.02599	0	9.27861e-05	|	7.93339e-05	0
ME	0.03736	0	5.73841e-05	|	4.74005e-05	0
ME	0.05044	0	2.80632e-05	|	3.24643e-05	0
ME	0.06548	0	0	|	0	0
ME	0.08276	0	0	|	0	0
ME	0.10264	0	0	|	0	0
ME	0.12549	0	0	|	0	0
ME	0.15176	0	0	|	0	0
ME	0.18197	0	0	|	0	0
ME	0.21669	0	0	|	0	0
ME	0.25662	0	0	|	0	0
ME	0.30252	0	0	|	0	0
ME	0.3553	0	0	|	0	0
ME	0.41597	0	0	|	0	0
ME	0.48573	0	0	|	0	0
ME	0.56593	0	0	|	0	0
ME	0.65814	0	0	|	0	0
ME	0.76415	0	0	|	0	0
ME	0.88604	0	0	|	0	0
ME	1.02617	0	0	|	0	0
ME	1.18728	0	0	|	0	0
ME	1.37251	0	0	|	0	0
ME	1.58546	0	0	|	0	0
ME	1.8303	0	0	|	0	0
ME	2.11179	0	0	|	0	0
ME	2.80751	0	0	|	0	0
NE	0	0.622124	0.383069
NE	0.01609	0.372791	0.269208
NE	0.02599	0.374443	0.389886
NE	0.03736	0.505598	0.733854
NE	0.05044	1.21761	1.18769
NE	0.06548	0.609407	0
NE	0.08276	0.914898	0
NE	0.10264	1.07267	0
NE	0.12549	1.34087	0
NE	0.15176	1.20061	0
NE	0.18197	1.00718	0
NE	0.21669	0.934311	0
NE	0.25662	0.773421	0
NE	0.30252	0.668513	0
NE	0.3553	0.547883	0
NE	0.41597	0.481639	0
NE	0.48573	0.425245	0
NE	0.56593	0.386513	0
NE	0.65814	0.350772	0
NE	0.76415	0.353496	0
NE	0.88604	0.377301	0
NE	1.02617	0.36993	0
NE	1.18728	0.396992	0
NE	1.37251	0.393842	0
NE	1.58546	0.260472	0
NE	1.8303	0.199451	0
NE	2.11179	0.102506	0
NE	2.80751	0	0
