=========
RE	1e-08
ME	0	0	0	|	0	0
ME	0.01609	0	0	|	0	0
ME	0.02599	0	2.5e-05	|	2.5e-05	0
ME	0.03736	0	2.5e-05	|	2.5e-05	0
ME	0.05044	0	2.5e-05	|	2.5e-05	0
ME	0.06548	0	0	|	2.5e-05	0
ME	0.08276	0	0	|	2.5e-05	0
ME	0.10264	0	0	|	2.5e-05	0
ME	0.12549	0	0	|	2.5e-05	0
ME	0.15176	0	0	|	2.5e-05	0
ME	0.18197	0	0	|	2.5e-05	0
ME	0.21669	0	0	|	2.5e-05	0
ME	0.25662	0	0	|	2.5e-05	0
ME	0.30252	0	0	|	2.5e-05	0
ME	0.3553	0	0	|	2.5e-05	0
ME	0.41597	0	0	|	2.5e-05	0
ME	0.48573	0	0	|	2.5e-05	0
ME	0.56593	0	0	|	2.5e-05	0
ME	0.65814	0	0	|	2.5e-05	0
ME	0.76415	0	0	|	2.5e-05	0
ME	0.88604	0	0	|	2.5e-05	0
ME	1.02617	0	0	|	2.5e-05	0
ME	1.18728	0	0	|	2.5e-05	0
ME	1.37251	0	0	|	2.5e-05	0
ME	1.58546	0	0	|	2.5e-05	0
ME	1.8303	0	0	|	2.5e-05	0
ME	2.11179	0	0	|	2.5e-05	0
ME	2.80751	0	0	|	2.5e-05	0
NE	0	0	0.16222
NE	0.01609	0.12107	0.08878
NE	0.02599	0.14003	0.12348
NE	0.03736	0.18508	0.2708
NE	0.05044	0.49165	0.4555
NE	0.06548	0.82661	0.82661
NE	0.08276	1.14354	1.14354
NE	0.10264	1.34444	1.34444
NE	0.12549	1.65399	1.65399
NE	0.15176	1.45277	1.45277
NE	0.18197	1.22545	1.22545
NE	0.21669	1.07908	1.07908
NE	0.25662	0.89271	0.89271
NE	0.30252	0.77217	0.77217
NE	0.3553	0.660175	0.660175
NE	0.41597	0.60433	0.60433
NE	0.48573	0.52659	0.52659
NE	0.56593	0.486485	0.486485
NE	0.65814	0.44161	0.44161
NE	0.76415	0.428955	0.428955
NE	0.88604	0.436955	0.436955
NE	1.02617	0.444125	0.444125
NE	1.18728	0.43693	0.43693
NE	1.37251	0.42752	0.42752
NE	1.58546	0.33723	0.33723
NE	1.8303	0.258485	0.258485
NE	2.11179	0.161405	0.161405
NE	2.80751	0.99263	0.99263
=========
RE	1.71272e-08
ME	0	0	0	|	0	0
ME	0.01609	0	0	|	0	0
ME	0.02599	0	3.82989e-05	|	3.82848e-05	0
ME	0.03736	0	3.48013e-05	|	3.33082e-05	0
ME	0.05044	0	2.48785e-05	|	2.82979e-05	0
ME	0.06548	0	0	|	0	0
ME	0.08276	0	0	|	0	0
ME	0.10264	0	0	|	0	0
ME	0.12549	0	0	|	0	0
ME	0.15176	0	0	|	0	0
ME	0.18197	0	0	|	0	0
ME	0.21669	0	0	|	0	0
ME	0.25662	0	0	|	0	0
ME	0.30252	0	0	|	0	0
ME	0.3553	0	0	|	0	0
ME	0.41597	0	0	|	0	0
ME	0.48573	0	0	|	0	0
ME	0.56593	0	0	|	0	0
ME	0.65814	0	0	|	0	0
ME	0.76415	0	0	|	0	0
ME	0.88604	0	0	|	0	0
ME	1.02617	0	0	|	0	0
ME	1.18728	0	0	|	0	0
ME	1.37251	0	0	|	0	0
ME	1.58546	0	0	|	0	0
ME	1.8303	0	0	|	0	0
ME	2.11179	0	0	|	0	0
ME	2.80751	0	0	|	0	0
NE	0	0.404319	0.23047
NE	0.01609	0.184901	0.136527
NE	0.02599	0.227753	0.198986
NE	0.03736	0.274715	0.433955
NE	0.05044	0.725143	0.649055
NE	0.06548	0.767014	0
NE	0.08276	1.10676	0
NE	0.10264	1.32514	0
NE	0.12549	1.63225	0
NE	0.15176	1.45264	0
NE	0.18197	1.2118	0
NE	0.21669	1.0747	0
NE	0.25662	0.904148	0
NE	0.30252	0.753714	0
NE	0.3553	0.659238	0
NE	0.41597	0.581026	0
NE	0.48573	0.500104	0
NE	0.56593	0.464152	0
NE	0.65814	0.412318	0
NE	0.76415	0.395376	0
NE	0.88604	0.39638	0
NE	1.02617	0.419367	0
NE	1.18728	0.405461	0
NE	1.37251	0.394133	0
NE	1.58546	0.321773	0
NE	1.8303	0.223509	0
NE	2.11179	0.120808	0
NE	2.80751	0	0
=========
RE	2.57642e-08
ME	0	0	0	|	0	0
ME	0.01609	0	0	|	0	0
ME	0.02599	0	5.21868e-05	|	5.10178e-05	0
ME	0.03736	0	4.64618e-05	|	3.69733e-05	0
ME	0.05044	0	2.36308e-05	|	2.71096e-05	0
ME	0.06548	0	0	|	0	0
ME	0.08276	0	0	|	0	0
ME	0.10264	0	0	|	0	0
ME	0.12549	0	0	|	0	0
ME	0.15176	0	0	|	0	0
ME	0.18197	0	0	|	0	0
ME	0.21669	0	0	|	0	0
ME	0.25662	0	0	|	0	0
ME	0.30252	0	0	|	0	0
ME	0.3553	0	0	|	0	0
ME	0.41597	0	0	|	0	0
ME	0.48573	0	0	|	0	0
ME	0.56593	0	0	|	0	0
ME	0.65814	0	0	|	0	0
ME	0.76415	0	0	|	0	0
ME	0.88604	0	0	|	0	0
ME	1.02617	0	0	|	0	0
ME	1.18728	0	0	|	0	0
ME	1.37251	0	0	|	0	0
ME	1.58546	0	0	|	0	0
ME	1.8303	0	0	|	0	0
ME	2.11179	0	0	|	0	0
ME	2.80751	0	0	|	0	0
NE	0	0.507482	0.291171
NE	0.01609	0.256574	0.191799
NE	0.02599	0.308958	0.295978
NE	0.03736	0.361889	0.595644
NE	0.05044	0.973043	0.787822
NE	0.06548	0.719201	0
NE	0.08276	1.05034	0
NE	0.10264	1.27779	0
NE	0.12549	1.56835	0
NE	0.15176	1.37881	0
NE	0.18197	1.19099	0
NE	0.21669	1.03299	0
NE	0.25662	0.861723	0
NE	0.30252	0.728549	0
NE	0.3553	0.624412	0
NE	0.41597	0.549979	0
NE	0.48573	0.470917	0
NE	0.56593	0.436918	0
NE	0.65814	0.386391	0
NE	0.76415	0.37507	0
NE	0.88604	0.378343	0
NE	1.02617	0.399891	0
NE	1.18728	0.375774	0
NE	1.37251	0.43152	0
NE	1.58546	0.342627	0
NE	1.8303	0.226324	0
NE	2.11179	0.0893958	0
NE	2.80751	0	0
=========
RE	3.4635e-08
ME	0	0	0	|	0	0
ME	0.01609	0	0	|	0	0
ME	0.02599	0	6.29661e-05	|	6.40863e-05	0
ME	0.03736	0	4.90004e-05	|	4.30397e-05	0
ME	0.05044	0	2.4176e-05	|	2.7944e-05	0
ME	0.06548	0	0	|	0	0
ME	0.08276	0	0	|	0	0
ME	0.10264	0	0	|	0	0
ME	0.12549	0	0	|	0	0
ME	0.15176	0	0	|	0	0
ME	0.18197	0	0	|	0	0
ME	0.21669	0	0	|	0	0
ME	0.25662	0	0	|	0	0
ME	0.30252	0	0	|	0	0
ME	0.3553	0	0	|	0	0
ME	0.41597	0	0	|	0	0
ME	0.48573	0	0	|	0	0
ME	0.56593	0	0	|	0	0
ME	0.65814	0	0	|	0	0
ME	0.76415	0	0	|	0	0
ME	0.88604	0	0	|	0	0
ME	1.02617	0	0	|	0	0
ME	1.18728	0	0	|	0	0
ME	1.37251	0	0	|	0	0
ME	1.58546	0	0	|	0	0
ME	1.8303	0	0	|	0	0
ME	2.11179	0	0	|	0	0
ME	2.80751	0	0	|	0	0
NE	0	0.574013	0.318338
NE	0.01609	0.310331	0.241677
NE	0.02599	0.380708	0.374785
NE	0.03736	0.437741	0.717993
NE	0.05044	1.1498	0.937488
NE	0.06548	0.651028	0
NE	0.08276	0.974551	0
NE	0.10264	1.21009	0
NE	0.12549	1.44798	0
NE	0.15176	1.29785	0
NE	0.18197	1.12696	0
NE	0.21669	0.987445	0
NE	0.25662	0.809994	0
NE	0.30252	0.691872	0
NE	0.3553	0.585135	0
NE	0.41597	0.522574	0
NE	0.48573	0.445332	0
NE	0.56593	0.41759	0
NE	0.65814	0.37256	0
NE	0.76415	0.36313	0
NE	0.88604	0.362598	0
NE	1.02617	0.385123	0
NE	1.18728	0.376241	0
NE	1.37251	0.420502	0
NE	1.58546	0.321126	0
NE	1.8303	0.217804	0
NE	2.11179	0.101606	0
NE	2.80751	0	0
=========
RE	4.31917e-08
ME	0	0	0	|	0	0
ME	0.01609	0	0	|	0	0
ME	0.02599	0	7.52796e-05	|	8.23211e-05	0
ME	0.03736	0	5.60583e-05	|	4.72507e-05	0
ME	0.05044	0	2.41473e-05	|	2.73663e-05	0
ME	0.06548	0	0	|	0	0
ME	0.08276	0	0	|	0	0
ME	0.10264	0	0	|	0	0
ME	0.12549	0	0	|	0	0
ME	0.15176	0	0	|	0	0
ME	0.18197	0	0	|	0	0
ME	0.21669	0	0	|	0	0
ME	0.25662	0	0	|	0	0
ME	0.30252	0	0	|	0	0
ME	0.3553	0	0	|	0	0
ME	0.41597	0	0	|	0	0
ME	0.48573	0	0	|	0	0
ME	0.56593	0	0	|	0	0
ME	0.65814	0	0	|	0	0
ME	0.76415	0	0	|	0	0
ME	0.88604	0	0	|	0	0
ME	1.02617	0	0	|	0	0
ME	1.18728	0	0	|	0	0
ME	1.37251	0	0	|	0	0
ME	1.58546	0	0	|	0	0
ME	1.8303	0	0	|	0	0
ME	2.11179	0	0	|	0	0
ME	2.80751	0	0	|	0	0
NE	0	0.626717	0.331067
NE	0.01609	0.365145	0.275303
NE	0.02599	0.438341	0.472512
NE	0.03736	0.455894	0.885038
NE	0.05044	1.2625	1.0496
NE	0.06548	0.591171	0
NE	0.08276	0.904745	0
NE	0.10264	1.12281	0
NE	0.12549	1.33893	0
NE	0.15176	1.22547	0
NE	0.18197	1.06137	0
NE	0.21669	0.920982	0
NE	0.25662	0.761282	0
NE	0.30252	0.649605	0
NE	0.3553	0.557538	0
NE	0.41597	0.503436	0
NE	0.48573	0.422235	0
NE	0.56593	0.399873	0
NE	0.65814	0.35701	0
NE	0.76415	0.353616	0
NE	0.88604	0.365034	0
NE	1.02617	0.376581	0
NE	1.18728	0.366335	0
NE	1.37251	0.424542	0
NE	1.58546	0.327766	0
NE	1.8303	0.21255	0
NE	2.11179	0.0846756	0
NE	2.80751	0	0
