=========
RE	1e-08
ME	0	0	2.5e-05	|	2.5e-05	0
ME	0.01609	0	2.5e-05	|	2.5e-05	0
ME	0.02599	0	2.5e-05	|	2.5e-05	0
ME	0.03736	0	2.5e-05	|	2.5e-05	0
ME	0.05044	0	2.5e-05	|	2.5e-05	0
ME	0.06548	0	2.5e-05	|	2.5e-05	0
ME	0.08276	0	2.5e-05	|	2.5e-05	0
ME	0.10264	0	2.5e-05	|	2.5e-05	0
ME	0.12549	0	2.5e-05	|	2.5e-05	0
ME	0.15176	0	2.5e-05	|	2.5e-05	0
ME	0.18197	0	2.5e-05	|	2.5e-05	0
ME	0.21669	0	2.5e-05	|	2.5e-05	0
ME	0.25662	0	2.5e-05	|	2.5e-05	0
ME	0.30252	0	2.5e-05	|	2.5e-05	0
ME	0.3553	0	2.5e-05	|	2.5e-05	0
ME	0.41597	0	2.5e-05	|	2.5e-05	0
ME	0.48573	0	2.5e-05	|	2.5e-05	0
ME	0.56593	0	2.5e-05	|	2.5e-05	0
ME	0.65814	0	2.5e-05	|	2.5e-05	0
ME	0.76415	0	2.5e-05	|	2.5e-05	0
ME	0.88604	0	2.5e-05	|	2.5e-05	0
ME	1.02617	0	2.5e-05	|	2.5e-05	0
ME	1.18728	0	2.5e-05	|	2.5e-05	0
ME	1.37251	0	2.5e-05	|	2.5e-05	0
ME	1.58546	0	2.5e-05	|	2.5e-05	0
ME	1.8303	0	2.5e-05	|	2.5e-05	0
ME	2.11179	0	2.5e-05	|	2.5e-05	0
ME	2.80751	0	2.5e-05	|	2.5e-05	0
NE	0	0.3033	0.16222
NE	0.01609	0.12107	0.08878
NE	0.02599	0.14003	0.12348
NE	0.03736	0.18508	0.2708
NE	0.05044	0.49165	0.4555
NE	0.06548	0.82661	0.82661
NE	0.08276	1.14354	1.14354
NE	0.10264	1.34444	1.34444
NE	0.12549	1.65399	1.65399
NE	0.15176	1.45277	1.45277
NE	0.18197	1.22545	1.22545
NE	0.21669	1.07908	1.07908
NE	0.25662	0.89271	0.89271
NE	0.30252	0.77217	0.77217
NE	0.3553	0.660175	0.660175
NE	0.41597	0.60433	0.60433
NE	0.48573	0.52659	0.52659
NE	0.56593	0.486485	0.486485
NE	0.65814	0.44161	0.44161
NE	0.76415	0.428955	0.428955
NE	0.88604	0.436955	0.436955
NE	1.02617	0.444125	0.444125
NE	1.18728	0.43693	0.43693
NE	1.37251	0.42752	0.42752
NE	1.58546	0.33723	0.33723
NE	1.8303	0.258485	0.258485
NE	2.11179	0.161405	0.161405
NE	2.80751	0.99263	0.99263
=========
RE	1.53558e-08
ME	0	0	5.65956e-05	|	6.36853e-05	0
ME	0.01609	0	4.95342e-05	|	7.04454e-05	0
ME	0.02599	0	4.85096e-05	|	4.95254e-05	0
ME	0.03736	0	4.52285e-05	|	4.88229e-05	0
ME	0.05044	0	3.87274e-05	|	4.35354e-05	0
ME	0.06548	0	3.7191e-05	|	4.56317e-05	0
ME	0.08276	0	3.3106e-05	|	3.50804e-05	0
ME	0.10264	0	3.14953e-05	|	3.55297e-05	0
ME	0.12549	0	3.18928e-05	|	3.59767e-05	0
ME	0.15176	0	3.19116e-05	|	3.2828e-05	0
ME	0.18197	0	2.85725e-05	|	3.19731e-05	0
ME	0.21669	0	2.76212e-05	|	3.23191e-05	0
ME	0.25662	0	2.88178e-05	|	3.1809e-05	0
ME	0.30252	0	2.7736e-05	|	2.87714e-05	0
ME	0.3553	0	2.81722e-05	|	2.86771e-05	0
ME	0.41597	0	2.80078e-05	|	2.88297e-05	0
ME	0.48573	0	2.88922e-05	|	2.84235e-05	0
ME	0.56593	0	2.79225e-05	|	2.83485e-05	0
ME	0.65814	0	2.8987e-05	|	2.75571e-05	0
ME	0.76415	0	2.89768e-05	|	2.77594e-05	0
ME	0.88604	0	2.87871e-05	|	2.83728e-05	0
ME	1.02617	0	2.88564e-05	|	2.80402e-05	0
ME	1.18728	0	2.72355e-05	|	2.78105e-05	0
ME	1.37251	0	2.82932e-05	|	2.85942e-05	0
ME	1.58546	0	2.70151e-05	|	2.87287e-05	0
ME	1.8303	0	2.75723e-05	|	3.12338e-05	0
ME	2.11179	0	2.9561e-05	|	3.05677e-05	0
ME	2.80751	0	2.70758e-05	|	2.52511e-05	0
NE	0	0.417321	0.230366
NE	0.01609	0.165257	0.129634
NE	0.02599	0.187542	0.175228
NE	0.03736	0.242826	0.359056
NE	0.05044	0.547176	0.49737
NE	0.06548	0.88393	0.867122
NE	0.08276	1.21117	1.13312
NE	0.10264	1.28753	1.33919
NE	0.12549	1.64699	1.55954
NE	0.15176	1.37593	1.31811
NE	0.18197	1.15873	1.15522
NE	0.21669	0.986315	1.0049
NE	0.25662	0.787241	0.852252
NE	0.30252	0.702132	0.69702
NE	0.3553	0.588833	0.605278
NE	0.41597	0.542024	0.560968
NE	0.48573	0.468999	0.474649
NE	0.56593	0.422731	0.421084
NE	0.65814	0.372941	0.384704
NE	0.76415	0.356656	0.370893
NE	0.88604	0.382415	0.372525
NE	1.02617	0.385121	0.381019
NE	1.18728	0.374832	0.37926
NE	1.37251	0.352115	0.357521
NE	1.58546	0.276746	0.306462
NE	1.8303	0.232061	0.239269
NE	2.11179	0.146078	0.147765
NE	2.80751	0.841614	0.80495
=========
RE	2.17205e-08
ME	0	0	9.09746e-05	|	0.000121318	0
ME	0.01609	0	7.66524e-05	|	9.92308e-05	0
ME	0.02599	0	8.2876e-05	|	8.23325e-05	0
ME	0.03736	0	6.05335e-05	|	7.91822e-05	0
ME	0.05044	0	4.96081e-05	|	6.32944e-05	0
ME	0.06548	0	4.0843e-05	|	6.07361e-05	0
ME	0.08276	0	3.95669e-05	|	4.59191e-05	0
ME	0.10264	0	3.56052e-05	|	4.47868e-05	0
ME	0.12549	0	3.56262e-05	|	4.28018e-05	0
ME	0.15176	0	3.52294e-05	|	3.91217e-05	0
ME	0.18197	0	3.09361e-05	|	3.76852e-05	0
ME	0.21669	0	2.92349e-05	|	3.76162e-05	0
ME	0.25662	0	2.97249e-05	|	3.39747e-05	0
ME	0.30252	0	2.93731e-05	|	3.32156e-05	0
ME	0.3553	0	2.90253e-05	|	3.16793e-05	0
ME	0.41597	0	3.04004e-05	|	3.21511e-05	0
ME	0.48573	0	3.24389e-05	|	3.16544e-05	0
ME	0.56593	0	3.0431e-05	|	3.21202e-05	0
ME	0.65814	0	3.2407e-05	|	3.10184e-05	0
ME	0.76415	0	3.33639e-05	|	3.08022e-05	0
ME	0.88604	0	3.37417e-05	|	3.09326e-05	0
ME	1.02617	0	3.26787e-05	|	3.12085e-05	0
ME	1.18728	0	2.96823e-05	|	2.94381e-05	0
ME	1.37251	0	3.3083e-05	|	3.03228e-05	0
ME	1.58546	0	2.87279e-05	|	3.04182e-05	0
ME	1.8303	0	3.05843e-05	|	3.54964e-05	0
ME	2.11179	0	3.28786e-05	|	3.44624e-05	0
ME	2.80751	0	2.70593e-05	|	2.41328e-05	0
NE	0	0.497116	0.283601
NE	0.01609	0.201781	0.164129
NE	0.02599	0.224371	0.199717
NE	0.03736	0.282974	0.411813
NE	0.05044	0.5981	0.53349
NE	0.06548	0.874473	0.876366
NE	0.08276	1.18271	1.07563
NE	0.10264	1.17173	1.24737
NE	0.12549	1.51603	1.43166
NE	0.15176	1.25112	1.22676
NE	0.18197	1.05301	1.08068
NE	0.21669	0.903846	0.906227
NE	0.25662	0.720366	0.77444
NE	0.30252	0.625658	0.615141
NE	0.3553	0.529462	0.544886
NE	0.41597	0.484838	0.500089
NE	0.48573	0.423825	0.414964
NE	0.56593	0.373433	0.378334
NE	0.65814	0.314859	0.333235
NE	0.76415	0.312689	0.322151
NE	0.88604	0.328457	0.320243
NE	1.02617	0.322442	0.333961
NE	1.18728	0.335653	0.329238
NE	1.37251	0.319334	0.316447
NE	1.58546	0.261059	0.29277
NE	1.8303	0.216534	0.234094
NE	2.11179	0.135031	0.141936
NE	2.80751	0.689651	0.643018
=========
RE	2.84663e-08
ME	0	0	0.000113602	|	0.00016632	0
ME	0.01609	0	9.29229e-05	|	0.000137478	0
ME	0.02599	0	0.000115102	|	0.00011881	0
ME	0.03736	0	6.42375e-05	|	0.000111107	0
ME	0.05044	0	5.77862e-05	|	8.19554e-05	0
ME	0.06548	0	4.32083e-05	|	7.54505e-05	0
ME	0.08276	0	4.14742e-05	|	6.00486e-05	0
ME	0.10264	0	3.63075e-05	|	5.08187e-05	0
ME	0.12549	0	3.56934e-05	|	5.14748e-05	0
ME	0.15176	0	3.52304e-05	|	4.4914e-05	0
ME	0.18197	0	3.09678e-05	|	4.54347e-05	0
ME	0.21669	0	2.88517e-05	|	4.15372e-05	0
ME	0.25662	0	2.90169e-05	|	3.94954e-05	0
ME	0.30252	0	2.9104e-05	|	3.64648e-05	0
ME	0.3553	0	2.9532e-05	|	3.38635e-05	0
ME	0.41597	0	3.25357e-05	|	3.46076e-05	0
ME	0.48573	0	3.62051e-05	|	3.51463e-05	0
ME	0.56593	0	3.33871e-05	|	3.50467e-05	0
ME	0.65814	0	3.63152e-05	|	3.44552e-05	0
ME	0.76415	0	3.94108e-05	|	3.39667e-05	0
ME	0.88604	0	3.76299e-05	|	3.42545e-05	0
ME	1.02617	0	3.61388e-05	|	3.36289e-05	0
ME	1.18728	0	3.21398e-05	|	3.18685e-05	0
ME	1.37251	0	3.49018e-05	|	3.2055e-05	0
ME	1.58546	0	3.19676e-05	|	3.32711e-05	0
ME	1.8303	0	3.42069e-05	|	3.85731e-05	0
ME	2.11179	0	3.7607e-05	|	3.79843e-05	0
ME	2.80751	0	2.49027e-05	|	2.99343e-05	0
NE	0	0.577418	0.305558
NE	0.01609	0.235139	0.182258
NE	0.02599	0.24639	0.223119
NE	0.03736	0.298713	0.431169
NE	0.05044	0.569629	0.543435
NE	0.06548	0.858503	0.851022
NE	0.08276	1.13047	1.02857
NE	0.10264	1.10051	1.14518
NE	0.12549	1.39192	1.2921
NE	0.15176	1.14209	1.09863
NE	0.18197	0.924783	0.961129
NE	0.21669	0.788371	0.81847
NE	0.25662	0.646065	0.698889
NE	0.30252	0.550865	0.555873
NE	0.3553	0.467513	0.49807
NE	0.41597	0.422424	0.451496
NE	0.48573	0.388977	0.365995
NE	0.56593	0.329659	0.33283
NE	0.65814	0.282246	0.29855
NE	0.76415	0.2716	0.292108
NE	0.88604	0.293691	0.28365
NE	1.02617	0.286134	0.301621
NE	1.18728	0.304635	0.292905
NE	1.37251	0.289057	0.290207
NE	1.58546	0.247902	0.26506
NE	1.8303	0.210567	0.220225
NE	2.11179	0.131581	0.136173
NE	2.80751	0.558055	0.591603
