=========
RE	1e-08
ME	0	0	2.5e-05	|	2.5e-05	0
ME	0.01609	0	2.5e-05	|	2.5e-05	0
ME	0.02599	0	2.5e-05	|	2.5e-05	0
ME	0.03736	0	2.5e-05	|	2.5e-05	0
ME	0.05044	0	2.5e-05	|	2.5e-05	0
ME	0.06548	0	2.5e-05	|	2.5e-05	0
ME	0.08276	0	2.5e-05	|	2.5e-05	0
ME	0.10264	0	2.5e-05	|	2.5e-05	0
ME	0.12549	0	2.5e-05	|	2.5e-05	0
ME	0.15176	0	2.5e-05	|	2.5e-05	0
ME	0.18197	0	2.5e-05	|	2.5e-05	0
ME	0.21669	0	2.5e-05	|	2.5e-05	0
ME	0.25662	0	2.5e-05	|	2.5e-05	0
ME	0.30252	0	2.5e-05	|	2.5e-05	0
ME	0.3553	0	2.5e-05	|	2.5e-05	0
ME	0.41597	0	2.5e-05	|	2.5e-05	0
ME	0.48573	0	2.5e-05	|	2.5e-05	0
ME	0.56593	0	2.5e-05	|	2.5e-05	0
ME	0.65814	0	2.5e-05	|	2.5e-05	0
ME	0.76415	0	2.5e-05	|	2.5e-05	0
ME	0.88604	0	2.5e-05	|	2.5e-05	0
ME	1.02617	0	2.5e-05	|	2.5e-05	0
ME	1.18728	0	2.5e-05	|	2.5e-05	0
ME	1.37251	0	2.5e-05	|	2.5e-05	0
ME	1.58546	0	2.5e-05	|	2.5e-05	0
ME	1.8303	0	2.5e-05	|	2.5e-05	0
ME	2.11179	0	2.5e-05	|	2.5e-05	0
ME	2.80751	0	2.5e-05	|	2.5e-05	0
NE	0	0.3033	0.16222
NE	0.01609	0.12107	0.08878
NE	0.02599	0.14003	0.12348
NE	0.03736	0.18508	0.2708
NE	0.05044	0.49165	0.4555
NE	0.06548	0.82661	0.82661
NE	0.08276	1.14354	1.14354
NE	0.10264	1.34444	1.34444
NE	0.12549	1.65399	1.65399
NE	0.15176	1.45277	1.45277
NE	0.18197	1.22545	1.22545
NE	0.21669	1.07908	1.07908
NE	0.25662	0.89271	0.89271
NE	0.30252	0.77217	0.77217
NE	0.3553	0.660175	0.660175
NE	0.41597	0.60433	0.60433
NE	0.48573	0.52659	0.52659
NE	0.56593	0.486485	0.486485
NE	0.65814	0.44161	0.44161
NE	0.76415	0.428955	0.428955
NE	0.88604	0.436955	0.436955
NE	1.02617	0.444125	0.444125
NE	1.18728	0.43693	0.43693
NE	1.37251	0.42752	0.42752
NE	1.58546	0.33723	0.33723
NE	1.8303	0.258485	0.258485
NE	2.11179	0.161405	0.161405
NE	2.80751	0.99263	0.99263
=========
RE	1.54299e-08
ME	0	0	4.19582e-05	|	6.56842e-05	0
ME	0.01609	0	5.9729e-05	|	5.85154e-05	0
ME	0.02599	0	5.46741e-05	|	4.79795e-05	0
ME	0.03736	0	4.33096e-05	|	5.21584e-05	0
ME	0.05044	0	3.92506e-05	|	3.8549e-05	0
ME	0.06548	0	3.22415e-05	|	4.05982e-05	0
ME	0.08276	0	3.12381e-05	|	3.35362e-05	0
ME	0.10264	0	3.4786e-05	|	3.67833e-05	0
ME	0.12549	0	3.29042e-05	|	3.06907e-05	0
ME	0.15176	0	3.37253e-05	|	3.4802e-05	0
ME	0.18197	0	3.1393e-05	|	3.01635e-05	0
ME	0.21669	0	3.02523e-05	|	2.96402e-05	0
ME	0.25662	0	2.7888e-05	|	2.99555e-05	0
ME	0.30252	0	2.87262e-05	|	2.83181e-05	0
ME	0.3553	0	2.68083e-05	|	2.89528e-05	0
ME	0.41597	0	2.698e-05	|	2.73492e-05	0
ME	0.48573	0	2.84277e-05	|	2.86866e-05	0
ME	0.56593	0	2.76202e-05	|	2.75164e-05	0
ME	0.65814	0	2.86728e-05	|	2.94862e-05	0
ME	0.76415	0	2.89172e-05	|	2.85978e-05	0
ME	0.88604	0	2.88841e-05	|	2.83294e-05	0
ME	1.02617	0	2.64443e-05	|	2.61305e-05	0
ME	1.18728	0	2.75245e-05	|	2.68341e-05	0
ME	1.37251	0	2.76989e-05	|	2.69871e-05	0
ME	1.58546	0	2.74223e-05	|	2.84032e-05	0
ME	1.8303	0	2.68352e-05	|	2.93309e-05	0
ME	2.11179	0	3.09056e-05	|	2.94303e-05	0
ME	2.80751	0	2.65913e-05	|	2.36727e-05	0
NE	0	0.350989	0.216957
NE	0.01609	0.155627	0.123323
NE	0.02599	0.186279	0.175448
NE	0.03736	0.234666	0.365112
NE	0.05044	0.545284	0.506361
NE	0.06548	0.987474	0.860254
NE	0.08276	1.23354	1.12082
NE	0.10264	1.44615	1.30654
NE	0.12549	1.6496	1.57436
NE	0.15176	1.35043	1.33264
NE	0.18197	1.16908	1.15416
NE	0.21669	1.01216	0.993672
NE	0.25662	0.8094	0.841117
NE	0.30252	0.706457	0.704371
NE	0.3553	0.603932	0.60523
NE	0.41597	0.550766	0.549368
NE	0.48573	0.476398	0.468408
NE	0.56593	0.429452	0.436527
NE	0.65814	0.381547	0.379155
NE	0.76415	0.352662	0.353597
NE	0.88604	0.35902	0.377052
NE	1.02617	0.3864	0.389743
NE	1.18728	0.371451	0.371649
NE	1.37251	0.383343	0.350197
NE	1.58546	0.301754	0.298317
NE	1.8303	0.238923	0.245732
NE	2.11179	0.15814	0.144083
NE	2.80751	0.642592	0.80263
=========
RE	2.18051e-08
ME	0	0	6.42783e-05	|	0.000108864	0
ME	0.01609	0	8.94176e-05	|	0.000110384	0
ME	0.02599	0	7.78254e-05	|	7.31869e-05	0
ME	0.03736	0	6.23165e-05	|	8.49792e-05	0
ME	0.05044	0	4.89123e-05	|	5.37808e-05	0
ME	0.06548	0	4.21036e-05	|	5.03514e-05	0
ME	0.08276	0	3.55619e-05	|	4.04388e-05	0
ME	0.10264	0	3.96096e-05	|	4.38781e-05	0
ME	0.12549	0	3.48633e-05	|	3.64472e-05	0
ME	0.15176	0	3.83867e-05	|	4.12056e-05	0
ME	0.18197	0	3.36902e-05	|	3.26563e-05	0
ME	0.21669	0	3.34324e-05	|	3.38601e-05	0
ME	0.25662	0	3.0121e-05	|	3.17934e-05	0
ME	0.30252	0	3.01575e-05	|	3.03009e-05	0
ME	0.3553	0	2.88363e-05	|	3.10982e-05	0
ME	0.41597	0	2.81416e-05	|	2.99944e-05	0
ME	0.48573	0	3.14901e-05	|	3.28038e-05	0
ME	0.56593	0	3.08404e-05	|	3.13613e-05	0
ME	0.65814	0	3.13828e-05	|	3.37465e-05	0
ME	0.76415	0	3.20757e-05	|	3.33008e-05	0
ME	0.88604	0	3.28176e-05	|	3.3735e-05	0
ME	1.02617	0	2.95868e-05	|	2.93063e-05	0
ME	1.18728	0	3.11337e-05	|	3.01112e-05	0
ME	1.37251	0	2.99414e-05	|	2.90832e-05	0
ME	1.58546	0	2.83032e-05	|	3.16051e-05	0
ME	1.8303	0	3.07826e-05	|	3.41633e-05	0
ME	2.11179	0	3.49764e-05	|	3.60353e-05	0
ME	2.80751	0	2.38491e-05	|	2.74061e-05	0
NE	0	0.461191	0.284456
NE	0.01609	0.1849	0.161488
NE	0.02599	0.219146	0.215629
NE	0.03736	0.255873	0.450398
NE	0.05044	0.607549	0.528822
NE	0.06548	0.959392	0.903712
NE	0.08276	1.18673	1.09698
NE	0.10264	1.33018	1.28469
NE	0.12549	1.50039	1.5024
NE	0.15176	1.21637	1.28095
NE	0.18197	1.03676	1.05969
NE	0.21669	0.916129	0.87516
NE	0.25662	0.728842	0.771526
NE	0.30252	0.634386	0.637489
NE	0.3553	0.532799	0.54961
NE	0.41597	0.483754	0.494543
NE	0.48573	0.428523	0.414664
NE	0.56593	0.37704	0.384255
NE	0.65814	0.32976	0.328171
NE	0.76415	0.30667	0.29775
NE	0.88604	0.299528	0.311872
NE	1.02617	0.33337	0.330667
NE	1.18728	0.314491	0.328403
NE	1.37251	0.329934	0.316327
NE	1.58546	0.274982	0.253051
NE	1.8303	0.223954	0.247194
NE	2.11179	0.144634	0.136642
NE	2.80751	0.58934	0.709671
=========
RE	2.84818e-08
ME	0	0	9.00899e-05	|	0.00015725	0
ME	0.01609	0	0.000120196	|	0.000156814	0
ME	0.02599	0	9.77974e-05	|	0.000114354	0
ME	0.03736	0	7.27744e-05	|	0.000111524	0
ME	0.05044	0	5.89515e-05	|	6.89484e-05	0
ME	0.06548	0	4.60414e-05	|	6.39322e-05	0
ME	0.08276	0	4.08e-05	|	4.99166e-05	0
ME	0.10264	0	3.99528e-05	|	5.00374e-05	0
ME	0.12549	0	3.77848e-05	|	4.28277e-05	0
ME	0.15176	0	3.848e-05	|	4.87151e-05	0
ME	0.18197	0	3.38022e-05	|	3.63354e-05	0
ME	0.21669	0	3.28146e-05	|	3.83133e-05	0
ME	0.25662	0	3.06973e-05	|	3.3506e-05	0
ME	0.30252	0	3.10042e-05	|	3.21173e-05	0
ME	0.3553	0	3.02695e-05	|	3.43068e-05	0
ME	0.41597	0	3.01089e-05	|	3.4072e-05	0
ME	0.48573	0	3.53871e-05	|	3.49969e-05	0
ME	0.56593	0	3.42784e-05	|	3.43754e-05	0
ME	0.65814	0	3.52349e-05	|	3.62553e-05	0
ME	0.76415	0	3.74217e-05	|	3.72453e-05	0
ME	0.88604	0	3.63846e-05	|	3.70306e-05	0
ME	1.02617	0	3.38602e-05	|	3.13704e-05	0
ME	1.18728	0	3.49423e-05	|	3.3058e-05	0
ME	1.37251	0	3.38356e-05	|	3.00009e-05	0
ME	1.58546	0	3.11908e-05	|	3.43563e-05	0
ME	1.8303	0	3.46785e-05	|	3.57954e-05	0
ME	2.11179	0	3.92801e-05	|	4.01075e-05	0
ME	2.80751	0	2.72012e-05	|	3.01302e-05	0
NE	0	0.516206	0.314358
NE	0.01609	0.208126	0.195704
NE	0.02599	0.24019	0.241465
NE	0.03736	0.263514	0.490138
NE	0.05044	0.64181	0.505236
NE	0.06548	0.962846	0.830912
NE	0.08276	1.12795	1.0718
NE	0.10264	1.23808	1.1773
NE	0.12549	1.32492	1.35709
NE	0.15176	1.12284	1.11333
NE	0.18197	0.924254	0.946621
NE	0.21669	0.817315	0.787084
NE	0.25662	0.668012	0.706303
NE	0.30252	0.56253	0.575479
NE	0.3553	0.479931	0.494616
NE	0.41597	0.432423	0.436267
NE	0.48573	0.380398	0.381017
NE	0.56593	0.337015	0.343417
NE	0.65814	0.29242	0.287361
NE	0.76415	0.263784	0.268637
NE	0.88604	0.273556	0.277993
NE	1.02617	0.294285	0.293506
NE	1.18728	0.286174	0.29647
NE	1.37251	0.293892	0.28422
NE	1.58546	0.26191	0.232523
NE	1.8303	0.21394	0.236076
NE	2.11179	0.129346	0.125423
NE	2.80751	0.523883	0.574081
=========
RE	3.5345e-08
ME	0	0	7.67201e-05	|	0.000229115	0
ME	0.01609	0	0.00013235	|	0.000232333	0
ME	0.02599	0	0.000104046	|	0.00016251	0
ME	0.03736	0	7.32982e-05	|	0.000152121	0
ME	0.05044	0	5.73866e-05	|	9.35064e-05	0
ME	0.06548	0	4.35317e-05	|	8.27659e-05	0
ME	0.08276	0	3.90535e-05	|	6.45294e-05	0
ME	0.10264	0	3.72318e-05	|	6.02849e-05	0
ME	0.12549	0	3.31652e-05	|	5.44079e-05	0
ME	0.15176	0	3.58998e-05	|	5.64119e-05	0
ME	0.18197	0	3.16663e-05	|	4.14421e-05	0
ME	0.21669	0	3.1314e-05	|	4.4762e-05	0
ME	0.25662	0	3.0183e-05	|	3.88381e-05	0
ME	0.30252	0	3.02e-05	|	3.60043e-05	0
ME	0.3553	0	3.08068e-05	|	3.85553e-05	0
ME	0.41597	0	3.20912e-05	|	3.70654e-05	0
ME	0.48573	0	3.84901e-05	|	3.75842e-05	0
ME	0.56593	0	3.8271e-05	|	3.62253e-05	0
ME	0.65814	0	3.91977e-05	|	3.96457e-05	0
ME	0.76415	0	4.21807e-05	|	4.05725e-05	0
ME	0.88604	0	4.19637e-05	|	4.10493e-05	0
ME	1.02617	0	3.82556e-05	|	3.46127e-05	0
ME	1.18728	0	3.80063e-05	|	3.51131e-05	0
ME	1.37251	0	3.56906e-05	|	3.21251e-05	0
ME	1.58546	0	3.31872e-05	|	3.54204e-05	0
ME	1.8303	0	3.67234e-05	|	3.74222e-05	0
ME	2.11179	0	4.36759e-05	|	4.31909e-05	0
ME	2.80751	0	3.01385e-05	|	3.17812e-05	0
NE	0	0.535275	0.325124
NE	0.01609	0.225196	0.231359
NE	0.02599	0.260135	0.253017
NE	0.03736	0.263314	0.51213
NE	0.05044	0.60844	0.496856
NE	0.06548	0.916298	0.752794
NE	0.08276	1.06859	1.00745
NE	0.10264	1.12878	1.09762
NE	0.12549	1.20358	1.22893
NE	0.15176	1.00788	0.979698
NE	0.18197	0.83182	0.874356
NE	0.21669	0.737389	0.708676
NE	0.25662	0.591215	0.643811
NE	0.30252	0.496977	0.527382
NE	0.3553	0.424985	0.45626
NE	0.41597	0.382235	0.393914
NE	0.48573	0.337603	0.340396
NE	0.56593	0.302874	0.319421
NE	0.65814	0.260073	0.257182
NE	0.76415	0.245615	0.244143
NE	0.88604	0.243941	0.252819
NE	1.02617	0.260909	0.269124
NE	1.18728	0.255329	0.280682
NE	1.37251	0.280957	0.263794
NE	1.58546	0.255415	0.21948
NE	1.8303	0.209207	0.214109
NE	2.11179	0.127263	0.1218
NE	2.80751	0.478473	0.507979
