=========
RE	1e-08
ME	0	0	0	|	0	0
ME	0.01609	0	0	|	0	0
ME	0.02599	0	2.5e-05	|	2.5e-05	0
ME	0.03736	0	2.5e-05	|	2.5e-05	0
ME	0.05044	0	2.5e-05	|	2.5e-05	0
ME	0.06548	0	0	|	2.5e-05	0
ME	0.08276	0	0	|	2.5e-05	0
ME	0.10264	0	0	|	2.5e-05	0
ME	0.12549	0	0	|	2.5e-05	0
ME	0.15176	0	0	|	2.5e-05	0
ME	0.18197	0	0	|	2.5e-05	0
ME	0.21669	0	0	|	2.5e-05	0
ME	0.25662	0	0	|	2.5e-05	0
ME	0.30252	0	0	|	2.5e-05	0
ME	0.3553	0	0	|	2.5e-05	0
ME	0.41597	0	0	|	2.5e-05	0
ME	0.48573	0	0	|	2.5e-05	0
ME	0.56593	0	0	|	2.5e-05	0
ME	0.65814	0	0	|	2.5e-05	0
ME	0.76415	0	0	|	2.5e-05	0
ME	0.88604	0	0	|	2.5e-05	0
ME	1.02617	0	0	|	2.5e-05	0
ME	1.18728	0	0	|	2.5e-05	0
ME	1.37251	0	0	|	2.5e-05	0
ME	1.58546	0	0	|	2.5e-05	0
ME	1.8303	0	0	|	2.5e-05	0
ME	2.11179	0	0	|	2.5e-05	0
ME	2.80751	0	0	|	2.5e-05	0
NE	0	0.3033	0.16222
NE	0.01609	0.12107	0.08878
NE	0.02599	0.14003	0.12348
NE	0.03736	0.18508	0.2708
NE	0.05044	0.49165	0.4555
NE	0.06548	0.82661	0.82661
NE	0.08276	1.14354	1.14354
NE	0.10264	1.34444	1.34444
NE	0.12549	1.65399	1.65399
NE	0.15176	1.45277	1.45277
NE	0.18197	1.22545	1.22545
NE	0.21669	1.07908	1.07908
NE	0.25662	0.89271	0.89271
NE	0.30252	0.77217	0.77217
NE	0.3553	0.660175	0.660175
NE	0.41597	0.60433	0.60433
NE	0.48573	0.52659	0.52659
NE	0.56593	0.486485	0.486485
NE	0.65814	0.44161	0.44161
NE	0.76415	0.428955	0.428955
NE	0.88604	0.436955	0.436955
NE	1.02617	0.444125	0.444125
NE	1.18728	0.43693	0.43693
NE	1.37251	0.42752	0.42752
NE	1.58546	0.33723	0.33723
NE	1.8303	0.258485	0.258485
NE	2.11179	0.161405	0.161405
NE	2.80751	0.99263	0.99263
=========
RE	1.71012e-08
ME	0	0	0	|	0	0
ME	0.01609	0	0	|	0	0
ME	0.02599	0	3.73481e-05	|	3.12259e-05	0
ME	0.03736	0	3.06393e-05	|	3.59317e-05	0
ME	0.05044	0	2.01311e-05	|	2.97091e-05	0
ME	0.06548	0	0	|	0	0
ME	0.08276	0	0	|	0	0
ME	0.10264	0	0	|	0	0
ME	0.12549	0	0	|	0	0
ME	0.15176	0	0	|	0	0
ME	0.18197	0	0	|	0	0
ME	0.21669	0	0	|	0	0
ME	0.25662	0	0	|	0	0
ME	0.30252	0	0	|	0	0
ME	0.3553	0	0	|	0	0
ME	0.41597	0	0	|	0	0
ME	0.48573	0	0	|	0	0
ME	0.56593	0	0	|	0	0
ME	0.65814	0	0	|	0	0
ME	0.76415	0	0	|	0	0
ME	0.88604	0	0	|	0	0
ME	1.02617	0	0	|	0	0
ME	1.18728	0	0	|	0	0
ME	1.37251	0	0	|	0	0
ME	1.58546	0	0	|	0	0
ME	1.8303	0	0	|	0	0
ME	2.11179	0	0	|	0	0
ME	2.80751	0	0	|	0	0
NE	0	0.415871	0.235639
NE	0.01609	0.174515	0.137251
NE	0.02599	0.226012	0.204772
NE	0.03736	0.28541	0.410853
NE	0.05044	0.74725	0.718047
NE	0.06548	0.755296	0.3033
NE	0.08276	1.09698	0.3033
NE	0.10264	1.31872	0.3033
NE	0.12549	1.58363	0.3033
NE	0.15176	1.4561	0.3033
NE	0.18197	1.20085	0.3033
NE	0.21669	1.07213	0.3033
NE	0.25662	0.894653	0.3033
NE	0.30252	0.792483	0.3033
NE	0.3553	0.643177	0.3033
NE	0.41597	0.591564	0.3033
NE	0.48573	0.504741	0.3033
NE	0.56593	0.455402	0.3033
NE	0.65814	0.408165	0.3033
NE	0.76415	0.398077	0.3033
NE	0.88604	0.424501	0.3033
NE	1.02617	0.415854	0.3033
NE	1.18728	0.446198	0.3033
NE	1.37251	0.397844	0.3033
NE	1.58546	0.328512	0.3033
NE	1.8303	0.209448	0.3033
NE	2.11179	0.238867	0.3033
NE	2.80751	0.3033	0.3033
=========
RE	2.57853e-08
ME	0	0	0	|	0	0
ME	0.01609	0	0	|	0	0
ME	0.02599	0	4.72818e-05	|	3.87011e-05	0
ME	0.03736	0	3.31786e-05	|	4.3172e-05	0
ME	0.05044	0	2.15282e-05	|	2.98255e-05	0
ME	0.06548	0	0	|	0	0
ME	0.08276	0	0	|	0	0
ME	0.10264	0	0	|	0	0
ME	0.12549	0	0	|	0	0
ME	0.15176	0	0	|	0	0
ME	0.18197	0	0	|	0	0
ME	0.21669	0	0	|	0	0
ME	0.25662	0	0	|	0	0
ME	0.30252	0	0	|	0	0
ME	0.3553	0	0	|	0	0
ME	0.41597	0	0	|	0	0
ME	0.48573	0	0	|	0	0
ME	0.56593	0	0	|	0	0
ME	0.65814	0	0	|	0	0
ME	0.76415	0	0	|	0	0
ME	0.88604	0	0	|	0	0
ME	1.02617	0	0	|	0	0
ME	1.18728	0	0	|	0	0
ME	1.37251	0	0	|	0	0
ME	1.58546	0	0	|	0	0
ME	1.8303	0	0	|	0	0
ME	2.11179	0	0	|	0	0
ME	2.80751	0	0	|	0	0
NE	0	0.531757	0.267173
NE	0.01609	0.24842	0.198563
NE	0.02599	0.31643	0.287809
NE	0.03736	0.382197	0.500411
NE	0.05044	0.922978	0.956355
NE	0.06548	0.714167	0.3033
NE	0.08276	1.07955	0.3033
NE	0.10264	1.24699	0.3033
NE	0.12549	1.51753	0.3033
NE	0.15176	1.38424	0.3033
NE	0.18197	1.17245	0.3033
NE	0.21669	1.05302	0.3033
NE	0.25662	0.86699	0.3033
NE	0.30252	0.768472	0.3033
NE	0.3553	0.610112	0.3033
NE	0.41597	0.554285	0.3033
NE	0.48573	0.475557	0.3033
NE	0.56593	0.425049	0.3033
NE	0.65814	0.385773	0.3033
NE	0.76415	0.373795	0.3033
NE	0.88604	0.401645	0.3033
NE	1.02617	0.394432	0.3033
NE	1.18728	0.416392	0.3033
NE	1.37251	0.377371	0.3033
NE	1.58546	0.333863	0.3033
NE	1.8303	0.217001	0.3033
NE	2.11179	0.302119	0.3033
NE	2.80751	0.45611	0.3033
=========
RE	3.45899e-08
ME	0	0	0	|	0	0
ME	0.01609	0	0	|	0	0
ME	0.02599	0	6.14951e-05	|	4.68085e-05	0
ME	0.03736	0	4.15442e-05	|	4.77655e-05	0
ME	0.05044	0	2.29178e-05	|	3.03854e-05	0
ME	0.06548	0	0	|	0	0
ME	0.08276	0	0	|	0	0
ME	0.10264	0	0	|	0	0
ME	0.12549	0	0	|	0	0
ME	0.15176	0	0	|	0	0
ME	0.18197	0	0	|	0	0
ME	0.21669	0	0	|	0	0
ME	0.25662	0	0	|	0	0
ME	0.30252	0	0	|	0	0
ME	0.3553	0	0	|	0	0
ME	0.41597	0	0	|	0	0
ME	0.48573	0	0	|	0	0
ME	0.56593	0	0	|	0	0
ME	0.65814	0	0	|	0	0
ME	0.76415	0	0	|	0	0
ME	0.88604	0	0	|	0	0
ME	1.02617	0	0	|	0	0
ME	1.18728	0	0	|	0	0
ME	1.37251	0	0	|	0	0
ME	1.58546	0	0	|	0	0
ME	1.8303	0	0	|	0	0
ME	2.11179	0	0	|	0	0
ME	2.80751	0	0	|	0	0
NE	0	0.641271	0.339998
NE	0.01609	0.29545	0.253371
NE	0.02599	0.385943	0.340563
NE	0.03736	0.457487	0.612068
NE	0.05044	1.06086	1.06483
NE	0.06548	0.65541	0.3033
NE	0.08276	1.00681	0.3033
NE	0.10264	1.17021	0.3033
NE	0.12549	1.40424	0.3033
NE	0.15176	1.32167	0.3033
NE	0.18197	1.10393	0.3033
NE	0.21669	0.984594	0.3033
NE	0.25662	0.812995	0.3033
NE	0.30252	0.727552	0.3033
NE	0.3553	0.581954	0.3033
NE	0.41597	0.511683	0.3033
NE	0.48573	0.449734	0.3033
NE	0.56593	0.407172	0.3033
NE	0.65814	0.368046	0.3033
NE	0.76415	0.360005	0.3033
NE	0.88604	0.387233	0.3033
NE	1.02617	0.369246	0.3033
NE	1.18728	0.420173	0.3033
NE	1.37251	0.376903	0.3033
NE	1.58546	0.347682	0.3033
NE	1.8303	0.234813	0.3033
NE	2.11179	0.33895	0.3033
NE	2.80751	0.0405191	0.3033
=========
RE	4.31106e-08
ME	0	0	0	|	0	0
ME	0.01609	0	0	|	0	0
ME	0.02599	0	7.63984e-05	|	6.10307e-05	0
ME	0.03736	0	4.73259e-05	|	5.00408e-05	0
ME	0.05044	0	2.3141e-05	|	2.6022e-05	0
ME	0.06548	0	0	|	0	0
ME	0.08276	0	0	|	0	0
ME	0.10264	0	0	|	0	0
ME	0.12549	0	0	|	0	0
ME	0.15176	0	0	|	0	0
ME	0.18197	0	0	|	0	0
ME	0.21669	0	0	|	0	0
ME	0.25662	0	0	|	0	0
ME	0.30252	0	0	|	0	0
ME	0.3553	0	0	|	0	0
ME	0.41597	0	0	|	0	0
ME	0.48573	0	0	|	0	0
ME	0.56593	0	0	|	0	0
ME	0.65814	0	0	|	0	0
ME	0.76415	0	0	|	0	0
ME	0.88604	0	0	|	0	0
ME	1.02617	0	0	|	0	0
ME	1.18728	0	0	|	0	0
ME	1.37251	0	0	|	0	0
ME	1.58546	0	0	|	0	0
ME	1.8303	0	0	|	0	0
ME	2.11179	0	0	|	0	0
ME	2.80751	0	0	|	0	0
NE	0	0.671332	0.347978
NE	0.01609	0.351528	0.303816
NE	0.02599	0.458011	0.414676
NE	0.03736	0.543416	0.632053
NE	0.05044	1.18514	1.12233
NE	0.06548	0.583472	0.3033
NE	0.08276	0.931681	0.3033
NE	0.10264	1.09749	0.3033
NE	0.12549	1.29182	0.3033
NE	0.15176	1.23138	0.3033
NE	0.18197	1.02783	0.3033
NE	0.21669	0.932319	0.3033
NE	0.25662	0.766396	0.3033
NE	0.30252	0.684644	0.3033
NE	0.3553	0.553705	0.3033
NE	0.41597	0.483506	0.3033
NE	0.48573	0.428387	0.3033
NE	0.56593	0.387586	0.3033
NE	0.65814	0.352163	0.3033
NE	0.76415	0.349022	0.3033
NE	0.88604	0.380132	0.3033
NE	1.02617	0.364258	0.3033
NE	1.18728	0.402186	0.3033
NE	1.37251	0.358098	0.3033
NE	1.58546	0.336509	0.3033
NE	1.8303	0.233685	0.3033
NE	2.11179	0.329683	0.3033
NE	2.80751	0.0333603	0.3033
