=========
RE	1e-08
ME	0	0	0	|	0	0
ME	0.01609	0	0	|	0	0
ME	0.02599	0	2.5e-05	|	2.5e-05	0
ME	0.03736	0	2.5e-05	|	2.5e-05	0
ME	0.05044	0	2.5e-05	|	2.5e-05	0
ME	0.06548	0	0	|	2.5e-05	0
ME	0.08276	0	0	|	2.5e-05	0
ME	0.10264	0	0	|	2.5e-05	0
ME	0.12549	0	0	|	2.5e-05	0
ME	0.15176	0	0	|	2.5e-05	0
ME	0.18197	0	0	|	2.5e-05	0
ME	0.21669	0	0	|	2.5e-05	0
ME	0.25662	0	0	|	2.5e-05	0
ME	0.30252	0	0	|	2.5e-05	0
ME	0.3553	0	0	|	2.5e-05	0
ME	0.41597	0	0	|	2.5e-05	0
ME	0.48573	0	0	|	2.5e-05	0
ME	0.56593	0	0	|	2.5e-05	0
ME	0.65814	0	0	|	2.5e-05	0
ME	0.76415	0	0	|	2.5e-05	0
ME	0.88604	0	0	|	2.5e-05	0
ME	1.02617	0	0	|	2.5e-05	0
ME	1.18728	0	0	|	2.5e-05	0
ME	1.37251	0	0	|	2.5e-05	0
ME	1.58546	0	0	|	2.5e-05	0
ME	1.8303	0	0	|	2.5e-05	0
ME	2.11179	0	0	|	2.5e-05	0
ME	2.80751	0	0	|	2.5e-05	0
NE	0	0.3033	0.16222
NE	0.01609	0.12107	0.08878
NE	0.02599	0.14003	0.12348
NE	0.03736	0.18508	0.2708
NE	0.05044	0.49165	0.4555
NE	0.06548	0.82661	0.82661
NE	0.08276	1.14354	1.14354
NE	0.10264	1.34444	1.34444
NE	0.12549	1.65399	1.65399
NE	0.15176	1.45277	1.45277
NE	0.18197	1.22545	1.22545
NE	0.21669	1.07908	1.07908
NE	0.25662	0.89271	0.89271
NE	0.30252	0.77217	0.77217
NE	0.3553	0.660175	0.660175
NE	0.41597	0.60433	0.60433
NE	0.48573	0.52659	0.52659
NE	0.56593	0.486485	0.486485
NE	0.65814	0.44161	0.44161
NE	0.76415	0.428955	0.428955
NE	0.88604	0.436955	0.436955
NE	1.02617	0.444125	0.444125
NE	1.18728	0.43693	0.43693
NE	1.37251	0.42752	0.42752
NE	1.58546	0.33723	0.33723
NE	1.8303	0.258485	0.258485
NE	2.11179	0.161405	0.161405
NE	2.80751	0.99263	0.99263
=========
RE	1.71582e-08
ME	0	0	0	|	0	0
ME	0.01609	0	0	|	0	0
ME	0.02599	0	3.25737e-05	|	4.16527e-05	0
ME	0.03736	0	2.83791e-05	|	4.14896e-05	0
ME	0.05044	0	2.45747e-05	|	2.95234e-05	0
ME	0.06548	0	0	|	0	0
ME	0.08276	0	0	|	0	0
ME	0.10264	0	0	|	0	0
ME	0.12549	0	0	|	0	0
ME	0.15176	0	0	|	0	0
ME	0.18197	0	0	|	0	0
ME	0.21669	0	0	|	0	0
ME	0.25662	0	0	|	0	0
ME	0.30252	0	0	|	0	0
ME	0.3553	0	0	|	0	0
ME	0.41597	0	0	|	0	0
ME	0.48573	0	0	|	0	0
ME	0.56593	0	0	|	0	0
ME	0.65814	0	0	|	0	0
ME	0.76415	0	0	|	0	0
ME	0.88604	0	0	|	0	0
ME	1.02617	0	0	|	0	0
ME	1.18728	0	0	|	0	0
ME	1.37251	0	0	|	0	0
ME	1.58546	0	0	|	0	0
ME	1.8303	0	0	|	0	0
ME	2.11179	0	0	|	0	0
ME	2.80751	0	0	|	0	0
NE	0	0.454269	0.231908
NE	0.01609	0.192875	0.138992
NE	0.02599	0.209541	0.193463
NE	0.03736	0.275902	0.405757
NE	0.05044	0.689272	0.686596
NE	0.06548	0.774378	0.3033
NE	0.08276	1.13989	0.3033
NE	0.10264	1.2699	0.3033
NE	0.12549	1.63436	0.3033
NE	0.15176	1.46636	0.3033
NE	0.18197	1.25003	0.3033
NE	0.21669	1.07741	0.3033
NE	0.25662	0.88361	0.3033
NE	0.30252	0.783123	0.3033
NE	0.3553	0.641921	0.3033
NE	0.41597	0.593198	0.3033
NE	0.48573	0.503827	0.3033
NE	0.56593	0.463251	0.3033
NE	0.65814	0.408554	0.3033
NE	0.76415	0.397336	0.3033
NE	0.88604	0.399188	0.3033
NE	1.02617	0.393167	0.3033
NE	1.18728	0.422639	0.3033
NE	1.37251	0.433387	0.3033
NE	1.58546	0.298717	0.3033
NE	1.8303	0.310494	0.3033
NE	2.11179	0.172261	0.3033
NE	2.80751	0.3033	0.3033
=========
RE	2.56857e-08
ME	0	0	0	|	0	0
ME	0.01609	0	0	|	0	0
ME	0.02599	0	4.63115e-05	|	5.70145e-05	0
ME	0.03736	0	3.16231e-05	|	4.80399e-05	0
ME	0.05044	0	2.6715e-05	|	2.96348e-05	0
ME	0.06548	0	0	|	0	0
ME	0.08276	0	0	|	0	0
ME	0.10264	0	0	|	0	0
ME	0.12549	0	0	|	0	0
ME	0.15176	0	0	|	0	0
ME	0.18197	0	0	|	0	0
ME	0.21669	0	0	|	0	0
ME	0.25662	0	0	|	0	0
ME	0.30252	0	0	|	0	0
ME	0.3553	0	0	|	0	0
ME	0.41597	0	0	|	0	0
ME	0.48573	0	0	|	0	0
ME	0.56593	0	0	|	0	0
ME	0.65814	0	0	|	0	0
ME	0.76415	0	0	|	0	0
ME	0.88604	0	0	|	0	0
ME	1.02617	0	0	|	0	0
ME	1.18728	0	0	|	0	0
ME	1.37251	0	0	|	0	0
ME	1.58546	0	0	|	0	0
ME	1.8303	0	0	|	0	0
ME	2.11179	0	0	|	0	0
ME	2.80751	0	0	|	0	0
NE	0	0.601641	0.325539
NE	0.01609	0.267898	0.196206
NE	0.02599	0.28715	0.271979
NE	0.03736	0.351269	0.511239
NE	0.05044	0.876275	0.86281
NE	0.06548	0.728249	0.3033
NE	0.08276	1.0647	0.3033
NE	0.10264	1.23347	0.3033
NE	0.12549	1.51291	0.3033
NE	0.15176	1.39436	0.3033
NE	0.18197	1.21516	0.3033
NE	0.21669	1.05243	0.3033
NE	0.25662	0.848398	0.3033
NE	0.30252	0.754833	0.3033
NE	0.3553	0.618756	0.3033
NE	0.41597	0.557071	0.3033
NE	0.48573	0.473514	0.3033
NE	0.56593	0.433511	0.3033
NE	0.65814	0.388736	0.3033
NE	0.76415	0.375725	0.3033
NE	0.88604	0.377086	0.3033
NE	1.02617	0.374356	0.3033
NE	1.18728	0.393073	0.3033
NE	1.37251	0.408885	0.3033
NE	1.58546	0.291124	0.3033
NE	1.8303	0.242423	0.3033
NE	2.11179	0.149212	0.3033
NE	2.80751	0.3033	0.3033
=========
RE	3.4558e-08
ME	0	0	0	|	0	0
ME	0.01609	0	0	|	0	0
ME	0.02599	0	5.85148e-05	|	7.8093e-05	0
ME	0.03736	0	3.45102e-05	|	5.52685e-05	0
ME	0.05044	0	2.63799e-05	|	3.08951e-05	0
ME	0.06548	0	0	|	0	0
ME	0.08276	0	0	|	0	0
ME	0.10264	0	0	|	0	0
ME	0.12549	0	0	|	0	0
ME	0.15176	0	0	|	0	0
ME	0.18197	0	0	|	0	0
ME	0.21669	0	0	|	0	0
ME	0.25662	0	0	|	0	0
ME	0.30252	0	0	|	0	0
ME	0.3553	0	0	|	0	0
ME	0.41597	0	0	|	0	0
ME	0.48573	0	0	|	0	0
ME	0.56593	0	0	|	0	0
ME	0.65814	0	0	|	0	0
ME	0.76415	0	0	|	0	0
ME	0.88604	0	0	|	0	0
ME	1.02617	0	0	|	0	0
ME	1.18728	0	0	|	0	0
ME	1.37251	0	0	|	0	0
ME	1.58546	0	0	|	0	0
ME	1.8303	0	0	|	0	0
ME	2.11179	0	0	|	0	0
ME	2.80751	0	0	|	0	0
NE	0	0.663834	0.397911
NE	0.01609	0.324998	0.244986
NE	0.02599	0.35197	0.345947
NE	0.03736	0.426812	0.593253
NE	0.05044	1.0483	1.08936
NE	0.06548	0.669292	0.3033
NE	0.08276	1.01995	0.3033
NE	0.10264	1.17385	0.3033
NE	0.12549	1.41999	0.3033
NE	0.15176	1.31289	0.3033
NE	0.18197	1.15835	0.3033
NE	0.21669	0.986617	0.3033
NE	0.25662	0.800078	0.3033
NE	0.30252	0.707402	0.3033
NE	0.3553	0.580344	0.3033
NE	0.41597	0.521569	0.3033
NE	0.48573	0.445648	0.3033
NE	0.56593	0.419759	0.3033
NE	0.65814	0.367646	0.3033
NE	0.76415	0.353734	0.3033
NE	0.88604	0.37057	0.3033
NE	1.02617	0.356521	0.3033
NE	1.18728	0.388201	0.3033
NE	1.37251	0.396271	0.3033
NE	1.58546	0.283918	0.3033
NE	1.8303	0.246673	0.3033
NE	2.11179	0.114765	0.3033
NE	2.80751	0.3033	0.3033
