=========
RE	1e-08
ME	0	0	2.5e-05	|	2.5e-05	0
ME	0.01609	0	2.5e-05	|	2.5e-05	0
ME	0.02599	0	2.5e-05	|	2.5e-05	0
ME	0.03736	0	2.5e-05	|	2.5e-05	0
ME	0.05044	0	2.5e-05	|	2.5e-05	0
ME	0.06548	0	2.5e-05	|	2.5e-05	0
ME	0.08276	0	2.5e-05	|	2.5e-05	0
ME	0.10264	0	2.5e-05	|	2.5e-05	0
ME	0.12549	0	2.5e-05	|	2.5e-05	0
ME	0.15176	0	2.5e-05	|	2.5e-05	0
ME	0.18197	0	2.5e-05	|	2.5e-05	0
ME	0.21669	0	2.5e-05	|	2.5e-05	0
ME	0.25662	0	2.5e-05	|	2.5e-05	0
ME	0.30252	0	2.5e-05	|	2.5e-05	0
ME	0.3553	0	2.5e-05	|	2.5e-05	0
ME	0.41597	0	2.5e-05	|	2.5e-05	0
ME	0.48573	0	2.5e-05	|	2.5e-05	0
ME	0.56593	0	2.5e-05	|	2.5e-05	0
ME	0.65814	0	2.5e-05	|	2.5e-05	0
ME	0.76415	0	2.5e-05	|	2.5e-05	0
ME	0.88604	0	2.5e-05	|	2.5e-05	0
ME	1.02617	0	2.5e-05	|	2.5e-05	0
ME	1.18728	0	2.5e-05	|	2.5e-05	0
ME	1.37251	0	2.5e-05	|	2.5e-05	0
ME	1.58546	0	2.5e-05	|	2.5e-05	0
ME	1.8303	0	2.5e-05	|	2.5e-05	0
ME	2.11179	0	2.5e-05	|	2.5e-05	0
ME	2.80751	0	2.5e-05	|	2.5e-05	0
NE	0	0.3033	0.16222
NE	0.01609	0.12107	0.08878
NE	0.02599	0.14003	0.12348
NE	0.03736	0.18508	0.2708
NE	0.05044	0.49165	0.4555
NE	0.06548	0.82661	0.82661
NE	0.08276	1.14354	1.14354
NE	0.10264	1.34444	1.34444
NE	0.12549	1.65399	1.65399
NE	0.15176	1.45277	1.45277
NE	0.18197	1.22545	1.22545
NE	0.21669	1.07908	1.07908
NE	0.25662	0.89271	0.89271
NE	0.30252	0.77217	0.77217
NE	0.3553	0.660175	0.660175
NE	0.41597	0.60433	0.60433
NE	0.48573	0.52659	0.52659
NE	0.56593	0.486485	0.486485
NE	0.65814	0.44161	0.44161
NE	0.76415	0.428955	0.428955
NE	0.88604	0.436955	0.436955
NE	1.02617	0.444125	0.444125
NE	1.18728	0.43693	0.43693
NE	1.37251	0.42752	0.42752
NE	1.58546	0.33723	0.33723
NE	1.8303	0.258485	0.258485
NE	2.11179	0.161405	0.161405
NE	2.80751	0.99263	0.99263
=========
RE	1.54385e-08
ME	0	0	5.88454e-05	|	6.16464e-05	0
ME	0.01609	0	5.27933e-05	|	5.66775e-05	0
ME	0.02599	0	5.40056e-05	|	5.88525e-05	0
ME	0.03736	0	4.29642e-05	|	3.89765e-05	0
ME	0.05044	0	4.35809e-05	|	4.48376e-05	0
ME	0.06548	0	3.59556e-05	|	3.93093e-05	0
ME	0.08276	0	3.268e-05	|	3.84064e-05	0
ME	0.10264	0	3.36528e-05	|	3.70754e-05	0
ME	0.12549	0	3.258e-05	|	3.39741e-05	0
ME	0.15176	0	3.12076e-05	|	3.02389e-05	0
ME	0.18197	0	3.09759e-05	|	3.07629e-05	0
ME	0.21669	0	3.13543e-05	|	3.1003e-05	0
ME	0.25662	0	2.94549e-05	|	2.7946e-05	0
ME	0.30252	0	2.74137e-05	|	2.90306e-05	0
ME	0.3553	0	2.74944e-05	|	2.90348e-05	0
ME	0.41597	0	2.78412e-05	|	2.88969e-05	0
ME	0.48573	0	2.74826e-05	|	2.74075e-05	0
ME	0.56593	0	2.92705e-05	|	2.92926e-05	0
ME	0.65814	0	2.86754e-05	|	2.85957e-05	0
ME	0.76415	0	2.84904e-05	|	2.75736e-05	0
ME	0.88604	0	2.86875e-05	|	2.80543e-05	0
ME	1.02617	0	2.86045e-05	|	2.92392e-05	0
ME	1.18728	0	2.8334e-05	|	2.87688e-05	0
ME	1.37251	0	2.68496e-05	|	2.74141e-05	0
ME	1.58546	0	2.7633e-05	|	2.83014e-05	0
ME	1.8303	0	2.86396e-05	|	2.91245e-05	0
ME	2.11179	0	3.00257e-05	|	3.07382e-05	0
ME	2.80751	0	2.61522e-05	|	2.59099e-05	0
NE	0	0.41164	0.219764
NE	0.01609	0.178922	0.117535
NE	0.02599	0.193022	0.171379
NE	0.03736	0.238454	0.355555
NE	0.05044	0.597484	0.550388
NE	0.06548	0.904964	0.961327
NE	0.08276	1.23335	1.13182
NE	0.10264	1.38927	1.20392
NE	0.12549	1.54659	1.58187
NE	0.15176	1.37462	1.38786
NE	0.18197	1.11577	1.11978
NE	0.21669	0.990439	1.01243
NE	0.25662	0.857711	0.812142
NE	0.30252	0.698155	0.715806
NE	0.3553	0.613677	0.614239
NE	0.41597	0.553815	0.563312
NE	0.48573	0.469162	0.470694
NE	0.56593	0.424595	0.424245
NE	0.65814	0.379522	0.382314
NE	0.76415	0.348023	0.369121
NE	0.88604	0.356167	0.370207
NE	1.02617	0.383586	0.364764
NE	1.18728	0.358748	0.369102
NE	1.37251	0.377682	0.36855
NE	1.58546	0.311767	0.306049
NE	1.8303	0.228065	0.228729
NE	2.11179	0.145516	0.139366
NE	2.80751	0.917693	0.763803
=========
RE	2.17494e-08
ME	0	0	0.00010529	|	8.49698e-05	0
ME	0.01609	0	9.58601e-05	|	8.70499e-05	0
ME	0.02599	0	8.58102e-05	|	8.54008e-05	0
ME	0.03736	0	6.02631e-05	|	6.27441e-05	0
ME	0.05044	0	6.21552e-05	|	6.01364e-05	0
ME	0.06548	0	4.73425e-05	|	4.93533e-05	0
ME	0.08276	0	4.04502e-05	|	4.93748e-05	0
ME	0.10264	0	3.8518e-05	|	4.43144e-05	0
ME	0.12549	0	3.6667e-05	|	3.96908e-05	0
ME	0.15176	0	3.63553e-05	|	3.42795e-05	0
ME	0.18197	0	3.52292e-05	|	3.32998e-05	0
ME	0.21669	0	3.47405e-05	|	3.54527e-05	0
ME	0.25662	0	3.16559e-05	|	3.06596e-05	0
ME	0.30252	0	2.98084e-05	|	3.16731e-05	0
ME	0.3553	0	3.03677e-05	|	3.15745e-05	0
ME	0.41597	0	3.01498e-05	|	3.34389e-05	0
ME	0.48573	0	3.11382e-05	|	3.18989e-05	0
ME	0.56593	0	3.32538e-05	|	3.31126e-05	0
ME	0.65814	0	3.2681e-05	|	3.10632e-05	0
ME	0.76415	0	3.36019e-05	|	3.18978e-05	0
ME	0.88604	0	3.43882e-05	|	3.21376e-05	0
ME	1.02617	0	3.17482e-05	|	3.28986e-05	0
ME	1.18728	0	3.01649e-05	|	3.11134e-05	0
ME	1.37251	0	2.91916e-05	|	3.12474e-05	0
ME	1.58546	0	2.847e-05	|	3.00226e-05	0
ME	1.8303	0	3.04211e-05	|	3.30361e-05	0
ME	2.11179	0	3.59252e-05	|	3.70521e-05	0
ME	2.80751	0	2.75701e-05	|	2.74462e-05	0
NE	0	0.519923	0.265267
NE	0.01609	0.223934	0.15328
NE	0.02599	0.232028	0.195979
NE	0.03736	0.262489	0.364274
NE	0.05044	0.647231	0.568335
NE	0.06548	0.88862	0.924591
NE	0.08276	1.1783	1.14878
NE	0.10264	1.2254	1.09514
NE	0.12549	1.43313	1.41889
NE	0.15176	1.28694	1.27775
NE	0.18197	1.01698	1.03786
NE	0.21669	0.881701	0.914771
NE	0.25662	0.7786	0.742226
NE	0.30252	0.636941	0.635048
NE	0.3553	0.562073	0.540095
NE	0.41597	0.499704	0.51228
NE	0.48573	0.403678	0.416348
NE	0.56593	0.355634	0.366461
NE	0.65814	0.334492	0.338056
NE	0.76415	0.303363	0.323818
NE	0.88604	0.309021	0.320754
NE	1.02617	0.336169	0.300549
NE	1.18728	0.314647	0.327153
NE	1.37251	0.314435	0.335565
NE	1.58546	0.263375	0.281751
NE	1.8303	0.221148	0.207985
NE	2.11179	0.12603	0.133443
NE	2.80751	0.717976	0.750485
=========
RE	2.84383e-08
ME	0	0	0.00014624	|	0.000114053	0
ME	0.01609	0	0.000133577	|	0.000108808	0
ME	0.02599	0	0.000116481	|	0.00011509	0
ME	0.03736	0	7.85541e-05	|	7.98091e-05	0
ME	0.05044	0	8.14713e-05	|	7.32967e-05	0
ME	0.06548	0	5.61678e-05	|	5.77874e-05	0
ME	0.08276	0	4.97283e-05	|	5.43454e-05	0
ME	0.10264	0	4.31852e-05	|	4.92847e-05	0
ME	0.12549	0	3.80111e-05	|	4.31493e-05	0
ME	0.15176	0	3.92934e-05	|	3.65121e-05	0
ME	0.18197	0	3.80668e-05	|	3.60883e-05	0
ME	0.21669	0	3.66079e-05	|	3.67409e-05	0
ME	0.25662	0	3.26784e-05	|	3.32877e-05	0
ME	0.30252	0	3.12911e-05	|	3.42702e-05	0
ME	0.3553	0	3.24586e-05	|	3.46917e-05	0
ME	0.41597	0	3.21541e-05	|	3.60977e-05	0
ME	0.48573	0	3.32843e-05	|	3.41742e-05	0
ME	0.56593	0	3.65225e-05	|	3.70188e-05	0
ME	0.65814	0	3.56683e-05	|	3.5475e-05	0
ME	0.76415	0	3.6854e-05	|	3.51582e-05	0
ME	0.88604	0	3.83368e-05	|	3.42293e-05	0
ME	1.02617	0	3.58928e-05	|	3.50529e-05	0
ME	1.18728	0	3.38913e-05	|	3.42797e-05	0
ME	1.37251	0	3.21865e-05	|	3.4071e-05	0
ME	1.58546	0	3.05155e-05	|	3.38035e-05	0
ME	1.8303	0	3.3504e-05	|	3.78649e-05	0
ME	2.11179	0	3.93069e-05	|	3.9989e-05	0
ME	2.80751	0	2.89133e-05	|	3.22823e-05	0
NE	0	0.583211	0.312397
NE	0.01609	0.267661	0.173176
NE	0.02599	0.253925	0.219968
NE	0.03736	0.269385	0.387877
NE	0.05044	0.648839	0.597349
NE	0.06548	0.903209	0.91634
NE	0.08276	1.09386	1.04513
NE	0.10264	1.15481	1.03586
NE	0.12549	1.26101	1.29316
NE	0.15176	1.15276	1.19072
NE	0.18197	0.898612	0.914471
NE	0.21669	0.789163	0.8083
NE	0.25662	0.698739	0.658274
NE	0.30252	0.574644	0.562526
NE	0.3553	0.496667	0.475812
NE	0.41597	0.446902	0.454484
NE	0.48573	0.355774	0.372381
NE	0.56593	0.315422	0.31827
NE	0.65814	0.292912	0.301779
NE	0.76415	0.265816	0.287672
NE	0.88604	0.273897	0.278441
NE	1.02617	0.295995	0.272252
NE	1.18728	0.277931	0.294539
NE	1.37251	0.287504	0.293071
NE	1.58546	0.244658	0.247897
NE	1.8303	0.212851	0.198942
NE	2.11179	0.116288	0.123585
NE	2.80751	0.615486	0.676003
