=========
RE	1e-08
ME	0	0	2.5e-05	|	2.5e-05	0
ME	0.01609	0	2.5e-05	|	2.5e-05	0
ME	0.02599	0	2.5e-05	|	2.5e-05	0
ME	0.03736	0	2.5e-05	|	2.5e-05	0
ME	0.05044	0	2.5e-05	|	2.5e-05	0
ME	0.06548	0	2.5e-05	|	2.5e-05	0
ME	0.08276	0	2.5e-05	|	2.5e-05	0
ME	0.10264	0	2.5e-05	|	2.5e-05	0
ME	0.12549	0	2.5e-05	|	2.5e-05	0
ME	0.15176	0	2.5e-05	|	2.5e-05	0
ME	0.18197	0	2.5e-05	|	2.5e-05	0
ME	0.21669	0	2.5e-05	|	2.5e-05	0
ME	0.25662	0	2.5e-05	|	2.5e-05	0
ME	0.30252	0	2.5e-05	|	2.5e-05	0
ME	0.3553	0	2.5e-05	|	2.5e-05	0
ME	0.41597	0	2.5e-05	|	2.5e-05	0
ME	0.48573	0	2.5e-05	|	2.5e-05	0
ME	0.56593	0	2.5e-05	|	2.5e-05	0
ME	0.65814	0	2.5e-05	|	2.5e-05	0
ME	0.76415	0	2.5e-05	|	2.5e-05	0
ME	0.88604	0	2.5e-05	|	2.5e-05	0
ME	1.02617	0	2.5e-05	|	2.5e-05	0
ME	1.18728	0	2.5e-05	|	2.5e-05	0
ME	1.37251	0	2.5e-05	|	2.5e-05	0
ME	1.58546	0	2.5e-05	|	2.5e-05	0
ME	1.8303	0	2.5e-05	|	2.5e-05	0
ME	2.11179	0	2.5e-05	|	2.5e-05	0
ME	2.80751	0	2.5e-05	|	2.5e-05	0
NE	0	0.3033	0.16222
NE	0.01609	0.12107	0.08878
NE	0.02599	0.14003	0.12348
NE	0.03736	0.18508	0.2708
NE	0.05044	0.49165	0.4555
NE	0.06548	0.82661	0.82661
NE	0.08276	1.14354	1.14354
NE	0.10264	1.34444	1.34444
NE	0.12549	1.65399	1.65399
NE	0.15176	1.45277	1.45277
NE	0.18197	1.22545	1.22545
NE	0.21669	1.07908	1.07908
NE	0.25662	0.89271	0.89271
NE	0.30252	0.77217	0.77217
NE	0.3553	0.660175	0.660175
NE	0.41597	0.60433	0.60433
NE	0.48573	0.52659	0.52659
NE	0.56593	0.486485	0.486485
NE	0.65814	0.44161	0.44161
NE	0.76415	0.428955	0.428955
NE	0.88604	0.436955	0.436955
NE	1.02617	0.444125	0.444125
NE	1.18728	0.43693	0.43693
NE	1.37251	0.42752	0.42752
NE	1.58546	0.33723	0.33723
NE	1.8303	0.258485	0.258485
NE	2.11179	0.161405	0.161405
NE	2.80751	0.99263	0.99263
=========
RE	1.54612e-08
ME	0	0	6.6046e-05	|	7.60069e-05	0
ME	0.01609	0	4.8892e-05	|	5.0108e-05	0
ME	0.02599	0	4.78425e-05	|	6.37808e-05	0
ME	0.03736	0	4.14276e-05	|	4.60702e-05	0
ME	0.05044	0	4.28181e-05	|	4.43894e-05	0
ME	0.06548	0	3.92151e-05	|	3.72194e-05	0
ME	0.08276	0	3.22246e-05	|	3.76924e-05	0
ME	0.10264	0	3.36096e-05	|	3.8859e-05	0
ME	0.12549	0	3.05033e-05	|	3.38569e-05	0
ME	0.15176	0	2.84164e-05	|	3.39398e-05	0
ME	0.18197	0	3.02249e-05	|	3.06711e-05	0
ME	0.21669	0	3.00127e-05	|	3.12817e-05	0
ME	0.25662	0	2.79976e-05	|	2.95818e-05	0
ME	0.30252	0	2.79416e-05	|	2.79937e-05	0
ME	0.3553	0	2.83754e-05	|	2.79079e-05	0
ME	0.41597	0	2.88371e-05	|	2.80308e-05	0
ME	0.48573	0	2.77049e-05	|	2.8715e-05	0
ME	0.56593	0	2.83916e-05	|	2.9123e-05	0
ME	0.65814	0	2.83686e-05	|	2.93446e-05	0
ME	0.76415	0	2.81288e-05	|	2.91401e-05	0
ME	0.88604	0	2.77524e-05	|	2.89138e-05	0
ME	1.02617	0	2.78101e-05	|	2.77959e-05	0
ME	1.18728	0	2.74864e-05	|	2.8195e-05	0
ME	1.37251	0	2.878e-05	|	2.76884e-05	0
ME	1.58546	0	2.88679e-05	|	2.85469e-05	0
ME	1.8303	0	2.83399e-05	|	2.74925e-05	0
ME	2.11179	0	3.01473e-05	|	3.09308e-05	0
ME	2.80751	0	2.53622e-05	|	2.61725e-05	0
NE	0	0.393883	0.230465
NE	0.01609	0.159897	0.130481
NE	0.02599	0.192398	0.166662
NE	0.03736	0.225851	0.367883
NE	0.05044	0.593633	0.538152
NE	0.06548	0.88439	0.853205
NE	0.08276	1.18177	1.1937
NE	0.10264	1.31296	1.27997
NE	0.12549	1.56775	1.60052
NE	0.15176	1.32069	1.2977
NE	0.18197	1.14495	1.16558
NE	0.21669	1.00336	0.987431
NE	0.25662	0.820585	0.843127
NE	0.30252	0.705427	0.702779
NE	0.3553	0.6042	0.609281
NE	0.41597	0.536737	0.544651
NE	0.48573	0.476862	0.472176
NE	0.56593	0.437014	0.418962
NE	0.65814	0.372837	0.37409
NE	0.76415	0.368729	0.362582
NE	0.88604	0.361219	0.366396
NE	1.02617	0.364489	0.373378
NE	1.18728	0.358358	0.376501
NE	1.37251	0.353526	0.362161
NE	1.58546	0.301589	0.283867
NE	1.8303	0.244861	0.222443
NE	2.11179	0.140852	0.143229
NE	2.80751	0.817549	0.832373
=========
RE	2.17849e-08
ME	0	0	0.000109504	|	0.000109968	0
ME	0.01609	0	7.85019e-05	|	8.562e-05	0
ME	0.02599	0	7.73367e-05	|	9.91102e-05	0
ME	0.03736	0	5.7272e-05	|	6.76862e-05	0
ME	0.05044	0	5.60808e-05	|	6.67691e-05	0
ME	0.06548	0	4.66176e-05	|	5.24025e-05	0
ME	0.08276	0	3.75901e-05	|	4.82533e-05	0
ME	0.10264	0	3.82107e-05	|	4.6826e-05	0
ME	0.12549	0	3.56824e-05	|	4.28763e-05	0
ME	0.15176	0	3.10836e-05	|	3.84684e-05	0
ME	0.18197	0	3.12635e-05	|	3.40743e-05	0
ME	0.21669	0	3.14111e-05	|	3.57777e-05	0
ME	0.25662	0	3.00495e-05	|	3.31744e-05	0
ME	0.30252	0	2.95985e-05	|	3.12519e-05	0
ME	0.3553	0	3.13817e-05	|	2.98106e-05	0
ME	0.41597	0	3.14827e-05	|	3.00742e-05	0
ME	0.48573	0	3.06867e-05	|	3.19263e-05	0
ME	0.56593	0	3.15563e-05	|	3.1482e-05	0
ME	0.65814	0	3.19302e-05	|	3.33916e-05	0
ME	0.76415	0	3.35001e-05	|	3.24477e-05	0
ME	0.88604	0	3.25589e-05	|	3.30803e-05	0
ME	1.02617	0	3.08973e-05	|	3.04989e-05	0
ME	1.18728	0	3.02225e-05	|	3.04879e-05	0
ME	1.37251	0	3.2649e-05	|	3.11047e-05	0
ME	1.58546	0	3.30741e-05	|	3.01488e-05	0
ME	1.8303	0	3.14529e-05	|	3.03361e-05	0
ME	2.11179	0	3.54544e-05	|	3.56174e-05	0
ME	2.80751	0	2.71253e-05	|	2.49553e-05	0
NE	0	0.518829	0.286136
NE	0.01609	0.193005	0.163069
NE	0.02599	0.222297	0.201559
NE	0.03736	0.256588	0.416745
NE	0.05044	0.586203	0.599882
NE	0.06548	0.959559	0.870273
NE	0.08276	1.12172	1.13631
NE	0.10264	1.18591	1.24376
NE	0.12549	1.45614	1.48025
NE	0.15176	1.21127	1.20628
NE	0.18197	1.06348	1.12287
NE	0.21669	0.939462	0.903094
NE	0.25662	0.715246	0.756566
NE	0.30252	0.629977	0.638204
NE	0.3553	0.546653	0.548225
NE	0.41597	0.47686	0.488407
NE	0.48573	0.427745	0.418864
NE	0.56593	0.373752	0.369647
NE	0.65814	0.333281	0.320878
NE	0.76415	0.322964	0.309318
NE	0.88604	0.305357	0.317122
NE	1.02617	0.311214	0.325336
NE	1.18728	0.327841	0.338572
NE	1.37251	0.317648	0.311306
NE	1.58546	0.26728	0.260081
NE	1.8303	0.253753	0.209195
NE	2.11179	0.133791	0.125479
NE	2.80751	0.682578	0.612125
=========
RE	2.85087e-08
ME	0	0	0.000137583	|	0.000153137	0
ME	0.01609	0	0.000108034	|	0.000125622	0
ME	0.02599	0	9.98955e-05	|	0.000139169	0
ME	0.03736	0	6.54394e-05	|	9.34945e-05	0
ME	0.05044	0	6.43302e-05	|	9.21966e-05	0
ME	0.06548	0	5.19336e-05	|	6.61271e-05	0
ME	0.08276	0	4.02011e-05	|	5.81143e-05	0
ME	0.10264	0	3.99801e-05	|	5.77309e-05	0
ME	0.12549	0	3.65867e-05	|	5.17654e-05	0
ME	0.15176	0	3.07484e-05	|	4.5058e-05	0
ME	0.18197	0	3.08062e-05	|	3.81589e-05	0
ME	0.21669	0	3.05237e-05	|	3.94573e-05	0
ME	0.25662	0	3.12826e-05	|	3.63431e-05	0
ME	0.30252	0	2.99631e-05	|	3.41322e-05	0
ME	0.3553	0	3.31057e-05	|	3.31802e-05	0
ME	0.41597	0	3.28626e-05	|	3.2345e-05	0
ME	0.48573	0	3.42068e-05	|	3.55415e-05	0
ME	0.56593	0	3.51416e-05	|	3.49262e-05	0
ME	0.65814	0	3.52568e-05	|	3.69971e-05	0
ME	0.76415	0	3.73956e-05	|	3.63794e-05	0
ME	0.88604	0	3.62645e-05	|	3.70773e-05	0
ME	1.02617	0	3.38232e-05	|	3.31942e-05	0
ME	1.18728	0	3.34129e-05	|	3.19643e-05	0
ME	1.37251	0	3.50226e-05	|	3.45543e-05	0
ME	1.58546	0	3.59751e-05	|	3.29562e-05	0
ME	1.8303	0	3.37872e-05	|	3.17583e-05	0
ME	2.11179	0	4.20252e-05	|	3.97091e-05	0
ME	2.80751	0	2.98116e-05	|	2.77756e-05	0
NE	0	0.607225	0.311489
NE	0.01609	0.225398	0.186753
NE	0.02599	0.251595	0.226594
NE	0.03736	0.264076	0.445599
NE	0.05044	0.599159	0.619863
NE	0.06548	0.886607	0.826072
NE	0.08276	1.01711	1.07635
NE	0.10264	1.06191	1.15427
NE	0.12549	1.27652	1.32164
NE	0.15176	1.13236	1.08799
NE	0.18197	0.948074	0.985239
NE	0.21669	0.818909	0.807595
NE	0.25662	0.644606	0.690227
NE	0.30252	0.557809	0.580965
NE	0.3553	0.480809	0.489539
NE	0.41597	0.428693	0.447329
NE	0.48573	0.380035	0.367841
NE	0.56593	0.324997	0.329475
NE	0.65814	0.296065	0.286628
NE	0.76415	0.286844	0.278639
NE	0.88604	0.271532	0.281266
NE	1.02617	0.275875	0.294002
NE	1.18728	0.290949	0.310146
NE	1.37251	0.297011	0.280741
NE	1.58546	0.246512	0.251476
NE	1.8303	0.242919	0.199102
NE	2.11179	0.129778	0.119035
NE	2.80751	0.616911	0.604734
=========
RE	3.53558e-08
ME	0	0	0.000152484	|	0.00020788	0
ME	0.01609	0	0.000115008	|	0.000169434	0
ME	0.02599	0	0.0001011	|	0.000195998	0
ME	0.03736	0	6.4165e-05	|	0.000132518	0
ME	0.05044	0	6.60683e-05	|	0.000123019	0
ME	0.06548	0	5.11608e-05	|	8.18815e-05	0
ME	0.08276	0	3.70049e-05	|	7.30399e-05	0
ME	0.10264	0	3.7984e-05	|	6.98647e-05	0
ME	0.12549	0	3.39839e-05	|	6.36212e-05	0
ME	0.15176	0	2.89019e-05	|	5.39045e-05	0
ME	0.18197	0	2.76634e-05	|	4.43085e-05	0
ME	0.21669	0	2.68978e-05	|	4.54179e-05	0
ME	0.25662	0	2.99355e-05	|	4.05407e-05	0
ME	0.30252	0	2.89179e-05	|	3.78789e-05	0
ME	0.3553	0	3.45547e-05	|	3.63578e-05	0
ME	0.41597	0	3.42078e-05	|	3.53836e-05	0
ME	0.48573	0	3.71115e-05	|	3.81601e-05	0
ME	0.56593	0	3.90101e-05	|	3.76386e-05	0
ME	0.65814	0	4.05102e-05	|	3.9813e-05	0
ME	0.76415	0	4.34836e-05	|	3.93013e-05	0
ME	0.88604	0	4.03123e-05	|	4.00326e-05	0
ME	1.02617	0	3.80591e-05	|	3.46068e-05	0
ME	1.18728	0	3.7281e-05	|	3.39279e-05	0
ME	1.37251	0	3.7926e-05	|	3.67968e-05	0
ME	1.58546	0	3.7691e-05	|	3.60257e-05	0
ME	1.8303	0	3.5707e-05	|	3.43302e-05	0
ME	2.11179	0	4.90008e-05	|	4.34186e-05	0
ME	2.80751	0	3.19337e-05	|	2.93648e-05	0
NE	0	0.646355	0.334585
NE	0.01609	0.243891	0.202203
NE	0.02599	0.27672	0.240117
NE	0.03736	0.27533	0.448742
NE	0.05044	0.587786	0.607732
NE	0.06548	0.865809	0.832909
NE	0.08276	0.915846	1.03545
NE	0.10264	0.964953	1.04979
NE	0.12549	1.14832	1.27439
NE	0.15176	1.00204	0.996742
NE	0.18197	0.86014	0.866297
NE	0.21669	0.734668	0.736853
NE	0.25662	0.58263	0.650059
NE	0.30252	0.505075	0.522919
NE	0.3553	0.431828	0.445275
NE	0.41597	0.378966	0.408968
NE	0.48573	0.344088	0.339683
NE	0.56593	0.288887	0.300612
NE	0.65814	0.262858	0.258677
NE	0.76415	0.254622	0.252799
NE	0.88604	0.247927	0.252942
NE	1.02617	0.248744	0.264889
NE	1.18728	0.264971	0.279369
NE	1.37251	0.267557	0.26595
NE	1.58546	0.235377	0.233597
NE	1.8303	0.224556	0.193039
NE	2.11179	0.127678	0.110293
NE	2.80751	0.524907	0.515895
