=========
RE	1e-08
ME	0	0	0	|	0	0
ME	0.01609	0	0	|	0	0
ME	0.02599	0	2.5e-05	|	2.5e-05	0
ME	0.03736	0	2.5e-05	|	2.5e-05	0
ME	0.05044	0	2.5e-05	|	2.5e-05	0
ME	0.06548	0	0	|	2.5e-05	0
ME	0.08276	0	0	|	2.5e-05	0
ME	0.10264	0	0	|	2.5e-05	0
ME	0.12549	0	0	|	2.5e-05	0
ME	0.15176	0	0	|	2.5e-05	0
ME	0.18197	0	0	|	2.5e-05	0
ME	0.21669	0	0	|	2.5e-05	0
ME	0.25662	0	0	|	2.5e-05	0
ME	0.30252	0	0	|	2.5e-05	0
ME	0.3553	0	0	|	2.5e-05	0
ME	0.41597	0	0	|	2.5e-05	0
ME	0.48573	0	0	|	2.5e-05	0
ME	0.56593	0	0	|	2.5e-05	0
ME	0.65814	0	0	|	2.5e-05	0
ME	0.76415	0	0	|	2.5e-05	0
ME	0.88604	0	0	|	2.5e-05	0
ME	1.02617	0	0	|	2.5e-05	0
ME	1.18728	0	0	|	2.5e-05	0
ME	1.37251	0	0	|	2.5e-05	0
ME	1.58546	0	0	|	2.5e-05	0
ME	1.8303	0	0	|	2.5e-05	0
ME	2.11179	0	0	|	2.5e-05	0
ME	2.80751	0	0	|	2.5e-05	0
NE	0	0.3033	0.16222
NE	0.01609	0.12107	0.08878
NE	0.02599	0.14003	0.12348
NE	0.03736	0.18508	0.2708
NE	0.05044	0.49165	0.4555
NE	0.06548	0.82661	0.82661
NE	0.08276	1.14354	1.14354
NE	0.10264	1.34444	1.34444
NE	0.12549	1.65399	1.65399
NE	0.15176	1.45277	1.45277
NE	0.18197	1.22545	1.22545
NE	0.21669	1.07908	1.07908
NE	0.25662	0.89271	0.89271
NE	0.30252	0.77217	0.77217
NE	0.3553	0.660175	0.660175
NE	0.41597	0.60433	0.60433
NE	0.48573	0.52659	0.52659
NE	0.56593	0.486485	0.486485
NE	0.65814	0.44161	0.44161
NE	0.76415	0.428955	0.428955
NE	0.88604	0.436955	0.436955
NE	1.02617	0.444125	0.444125
NE	1.18728	0.43693	0.43693
NE	1.37251	0.42752	0.42752
NE	1.58546	0.33723	0.33723
NE	1.8303	0.258485	0.258485
NE	2.11179	0.161405	0.161405
NE	2.80751	0.99263	0.99263
=========
RE	1.71775e-08
ME	0	0	0	|	0	0
ME	0.01609	0	0	|	0	0
ME	0.02599	0	3.30399e-05	|	3.69968e-05	0
ME	0.03736	0	2.71086e-05	|	2.7859e-05	0
ME	0.05044	0	2.97324e-05	|	2.68343e-05	0
ME	0.06548	0	0	|	0	0
ME	0.08276	0	0	|	0	0
ME	0.10264	0	0	|	0	0
ME	0.12549	0	0	|	0	0
ME	0.15176	0	0	|	0	0
ME	0.18197	0	0	|	0	0
ME	0.21669	0	0	|	0	0
ME	0.25662	0	0	|	0	0
ME	0.30252	0	0	|	0	0
ME	0.3553	0	0	|	0	0
ME	0.41597	0	0	|	0	0
ME	0.48573	0	0	|	0	0
ME	0.56593	0	0	|	0	0
ME	0.65814	0	0	|	0	0
ME	0.76415	0	0	|	0	0
ME	0.88604	0	0	|	0	0
ME	1.02617	0	0	|	0	0
ME	1.18728	0	0	|	0	0
ME	1.37251	0	0	|	0	0
ME	1.58546	0	0	|	0	0
ME	1.8303	0	0	|	0	0
ME	2.11179	0	0	|	0	0
ME	2.80751	0	0	|	0	0
NE	0	0.397424	0.232873
NE	0.01609	0.190238	0.139775
NE	0.02599	0.205038	0.193176
NE	0.03736	0.283313	0.425616
NE	0.05044	0.751168	0.668193
NE	0.06548	0.774367	0.3033
NE	0.08276	1.0858	0.3033
NE	0.10264	1.27002	0.3033
NE	0.12549	1.60196	0.3033
NE	0.15176	1.43915	0.3033
NE	0.18197	1.19783	0.3033
NE	0.21669	1.09434	0.3033
NE	0.25662	0.878436	0.3033
NE	0.30252	0.764174	0.3033
NE	0.3553	0.650455	0.3033
NE	0.41597	0.577313	0.3033
NE	0.48573	0.504706	0.3033
NE	0.56593	0.465115	0.3033
NE	0.65814	0.410301	0.3033
NE	0.76415	0.402337	0.3033
NE	0.88604	0.407899	0.3033
NE	1.02617	0.416781	0.3033
NE	1.18728	0.394104	0.3033
NE	1.37251	0.440087	0.3033
NE	1.58546	0.320609	0.3033
NE	1.8303	0.214407	0.3033
NE	2.11179	0.11414	0.3033
NE	2.80751	0.3033	0.3033
=========
RE	2.56659e-08
ME	0	0	0	|	0	0
ME	0.01609	0	0	|	0	0
ME	0.02599	0	4.17433e-05	|	5.36827e-05	0
ME	0.03736	0	3.05319e-05	|	3.20596e-05	0
ME	0.05044	0	2.76651e-05	|	2.46607e-05	0
ME	0.06548	0	0	|	0	0
ME	0.08276	0	0	|	0	0
ME	0.10264	0	0	|	0	0
ME	0.12549	0	0	|	0	0
ME	0.15176	0	0	|	0	0
ME	0.18197	0	0	|	0	0
ME	0.21669	0	0	|	0	0
ME	0.25662	0	0	|	0	0
ME	0.30252	0	0	|	0	0
ME	0.3553	0	0	|	0	0
ME	0.41597	0	0	|	0	0
ME	0.48573	0	0	|	0	0
ME	0.56593	0	0	|	0	0
ME	0.65814	0	0	|	0	0
ME	0.76415	0	0	|	0	0
ME	0.88604	0	0	|	0	0
ME	1.02617	0	0	|	0	0
ME	1.18728	0	0	|	0	0
ME	1.37251	0	0	|	0	0
ME	1.58546	0	0	|	0	0
ME	1.8303	0	0	|	0	0
ME	2.11179	0	0	|	0	0
ME	2.80751	0	0	|	0	0
NE	0	0.529021	0.340724
NE	0.01609	0.257008	0.197802
NE	0.02599	0.286667	0.255337
NE	0.03736	0.377183	0.599424
NE	0.05044	0.975158	0.897963
NE	0.06548	0.702434	0.3033
NE	0.08276	1.05909	0.3033
NE	0.10264	1.21861	0.3033
NE	0.12549	1.54227	0.3033
NE	0.15176	1.37879	0.3033
NE	0.18197	1.14536	0.3033
NE	0.21669	1.02663	0.3033
NE	0.25662	0.857242	0.3033
NE	0.30252	0.729954	0.3033
NE	0.3553	0.61284	0.3033
NE	0.41597	0.54635	0.3033
NE	0.48573	0.469562	0.3033
NE	0.56593	0.441901	0.3033
NE	0.65814	0.382772	0.3033
NE	0.76415	0.387578	0.3033
NE	0.88604	0.398116	0.3033
NE	1.02617	0.401746	0.3033
NE	1.18728	0.386002	0.3033
NE	1.37251	0.413882	0.3033
NE	1.58546	0.314747	0.3033
NE	1.8303	0.224108	0.3033
NE	2.11179	0.136458	0.3033
NE	2.80751	0.3033	0.3033
=========
RE	3.45137e-08
ME	0	0	0	|	0	0
ME	0.01609	0	0	|	0	0
ME	0.02599	0	4.97937e-05	|	6.95312e-05	0
ME	0.03736	0	3.641e-05	|	3.19322e-05	0
ME	0.05044	0	2.81869e-05	|	2.35191e-05	0
ME	0.06548	0	0	|	0	0
ME	0.08276	0	0	|	0	0
ME	0.10264	0	0	|	0	0
ME	0.12549	0	0	|	0	0
ME	0.15176	0	0	|	0	0
ME	0.18197	0	0	|	0	0
ME	0.21669	0	0	|	0	0
ME	0.25662	0	0	|	0	0
ME	0.30252	0	0	|	0	0
ME	0.3553	0	0	|	0	0
ME	0.41597	0	0	|	0	0
ME	0.48573	0	0	|	0	0
ME	0.56593	0	0	|	0	0
ME	0.65814	0	0	|	0	0
ME	0.76415	0	0	|	0	0
ME	0.88604	0	0	|	0	0
ME	1.02617	0	0	|	0	0
ME	1.18728	0	0	|	0	0
ME	1.37251	0	0	|	0	0
ME	1.58546	0	0	|	0	0
ME	1.8303	0	0	|	0	0
ME	2.11179	0	0	|	0	0
ME	2.80751	0	0	|	0	0
NE	0	0.57478	0.374565
NE	0.01609	0.310835	0.240449
NE	0.02599	0.363083	0.309915
NE	0.03736	0.446387	0.754081
NE	0.05044	1.29813	1.04634
NE	0.06548	0.645184	0.3033
NE	0.08276	1.00461	0.3033
NE	0.10264	1.15365	0.3033
NE	0.12549	1.49012	0.3033
NE	0.15176	1.28512	0.3033
NE	0.18197	1.08954	0.3033
NE	0.21669	0.965659	0.3033
NE	0.25662	0.80756	0.3033
NE	0.30252	0.677493	0.3033
NE	0.3553	0.576697	0.3033
NE	0.41597	0.523133	0.3033
NE	0.48573	0.445489	0.3033
NE	0.56593	0.421036	0.3033
NE	0.65814	0.365722	0.3033
NE	0.76415	0.37617	0.3033
NE	0.88604	0.378647	0.3033
NE	1.02617	0.396243	0.3033
NE	1.18728	0.362938	0.3033
NE	1.37251	0.422642	0.3033
NE	1.58546	0.303305	0.3033
NE	1.8303	0.206605	0.3033
NE	2.11179	0.105687	0.3033
NE	2.80751	0.510648	0.3033
=========
RE	4.31019e-08
ME	0	0	0	|	0	0
ME	0.01609	0	0	|	0	0
ME	0.02599	0	6.4444e-05	|	8.85991e-05	0
ME	0.03736	0	4.26352e-05	|	3.54744e-05	0
ME	0.05044	0	2.86327e-05	|	2.51131e-05	0
ME	0.06548	0	0	|	0	0
ME	0.08276	0	0	|	0	0
ME	0.10264	0	0	|	0	0
ME	0.12549	0	0	|	0	0
ME	0.15176	0	0	|	0	0
ME	0.18197	0	0	|	0	0
ME	0.21669	0	0	|	0	0
ME	0.25662	0	0	|	0	0
ME	0.30252	0	0	|	0	0
ME	0.3553	0	0	|	0	0
ME	0.41597	0	0	|	0	0
ME	0.48573	0	0	|	0	0
ME	0.56593	0	0	|	0	0
ME	0.65814	0	0	|	0	0
ME	0.76415	0	0	|	0	0
ME	0.88604	0	0	|	0	0
ME	1.02617	0	0	|	0	0
ME	1.18728	0	0	|	0	0
ME	1.37251	0	0	|	0	0
ME	1.58546	0	0	|	0	0
ME	1.8303	0	0	|	0	0
ME	2.11179	0	0	|	0	0
ME	2.80751	0	0	|	0	0
NE	0	0.588631	0.418663
NE	0.01609	0.355658	0.29236
NE	0.02599	0.425252	0.362439
NE	0.03736	0.499091	0.834085
NE	0.05044	1.36873	1.19392
NE	0.06548	0.578601	0.3033
NE	0.08276	0.916976	0.3033
NE	0.10264	1.07268	0.3033
NE	0.12549	1.39582	0.3033
NE	0.15176	1.17869	0.3033
NE	0.18197	1.01428	0.3033
NE	0.21669	0.911623	0.3033
NE	0.25662	0.763623	0.3033
NE	0.30252	0.637755	0.3033
NE	0.3553	0.544699	0.3033
NE	0.41597	0.492096	0.3033
NE	0.48573	0.421898	0.3033
NE	0.56593	0.400644	0.3033
NE	0.65814	0.350438	0.3033
NE	0.76415	0.372618	0.3033
NE	0.88604	0.37875	0.3033
NE	1.02617	0.386045	0.3033
NE	1.18728	0.350264	0.3033
NE	1.37251	0.427012	0.3033
NE	1.58546	0.302576	0.3033
NE	1.8303	0.245593	0.3033
NE	2.11179	0.106024	0.3033
NE	2.80751	0.3033	0.3033
