=========
RE	1e-08
ME	0	0	0	|	0	0
ME	0.01609	0	0	|	0	0
ME	0.02599	0	2.5e-05	|	2.5e-05	0
ME	0.03736	0	2.5e-05	|	2.5e-05	0
ME	0.05044	0	2.5e-05	|	2.5e-05	0
ME	0.06548	0	0	|	2.5e-05	0
ME	0.08276	0	0	|	2.5e-05	0
ME	0.10264	0	0	|	2.5e-05	0
ME	0.12549	0	0	|	2.5e-05	0
ME	0.15176	0	0	|	2.5e-05	0
ME	0.18197	0	0	|	2.5e-05	0
ME	0.21669	0	0	|	2.5e-05	0
ME	0.25662	0	0	|	2.5e-05	0
ME	0.30252	0	0	|	2.5e-05	0
ME	0.3553	0	0	|	2.5e-05	0
ME	0.41597	0	0	|	2.5e-05	0
ME	0.48573	0	0	|	2.5e-05	0
ME	0.56593	0	0	|	2.5e-05	0
ME	0.65814	0	0	|	2.5e-05	0
ME	0.76415	0	0	|	2.5e-05	0
ME	0.88604	0	0	|	2.5e-05	0
ME	1.02617	0	0	|	2.5e-05	0
ME	1.18728	0	0	|	2.5e-05	0
ME	1.37251	0	0	|	2.5e-05	0
ME	1.58546	0	0	|	2.5e-05	0
ME	1.8303	0	0	|	2.5e-05	0
ME	2.11179	0	0	|	2.5e-05	0
ME	2.80751	0	0	|	2.5e-05	0
NE	0	0	0.16222
NE	0.01609	0.12107	0.08878
NE	0.02599	0.14003	0.12348
NE	0.03736	0.18508	0.2708
NE	0.05044	0.49165	0.4555
NE	0.06548	0.82661	0.82661
NE	0.08276	1.14354	1.14354
NE	0.10264	1.34444	1.34444
NE	0.12549	1.65399	1.65399
NE	0.15176	1.45277	1.45277
NE	0.18197	1.22545	1.22545
NE	0.21669	1.07908	1.07908
NE	0.25662	0.89271	0.89271
NE	0.30252	0.77217	0.77217
NE	0.3553	0.660175	0.660175
NE	0.41597	0.60433	0.60433
NE	0.48573	0.52659	0.52659
NE	0.56593	0.486485	0.486485
NE	0.65814	0.44161	0.44161
NE	0.76415	0.428955	0.428955
NE	0.88604	0.436955	0.436955
NE	1.02617	0.444125	0.444125
NE	1.18728	0.43693	0.43693
NE	1.37251	0.42752	0.42752
NE	1.58546	0.33723	0.33723
NE	1.8303	0.258485	0.258485
NE	2.11179	0.161405	0.161405
NE	2.80751	0.99263	0.99263
=========
RE	1.71225e-08
ME	0	0	0	|	0	0
ME	0.01609	0	0	|	0	0
ME	0.02599	0	3.72397e-05	|	3.65851e-05	0
ME	0.03736	0	3.44124e-05	|	4.36284e-05	0
ME	0.05044	0	2.85773e-05	|	2.98093e-05	0
ME	0.06548	0	0	|	0	0
ME	0.08276	0	0	|	0	0
ME	0.10264	0	0	|	0	0
ME	0.12549	0	0	|	0	0
ME	0.15176	0	0	|	0	0
ME	0.18197	0	0	|	0	0
ME	0.21669	0	0	|	0	0
ME	0.25662	0	0	|	0	0
ME	0.30252	0	0	|	0	0
ME	0.3553	0	0	|	0	0
ME	0.41597	0	0	|	0	0
ME	0.48573	0	0	|	0	0
ME	0.56593	0	0	|	0	0
ME	0.65814	0	0	|	0	0
ME	0.76415	0	0	|	0	0
ME	0.88604	0	0	|	0	0
ME	1.02617	0	0	|	0	0
ME	1.18728	0	0	|	0	0
ME	1.37251	0	0	|	0	0
ME	1.58546	0	0	|	0	0
ME	1.8303	0	0	|	0	0
ME	2.11179	0	0	|	0	0
ME	2.80751	0	0	|	0	0
NE	0	0.436034	0.215882
NE	0.01609	0.183013	0.140109
NE	0.02599	0.217508	0.201419
NE	0.03736	0.28865	0.421504
NE	0.05044	0.723805	0.664326
NE	0.06548	0.759376	0
NE	0.08276	1.13442	0
NE	0.10264	1.28691	0
NE	0.12549	1.55855	0
NE	0.15176	1.45637	0
NE	0.18197	1.1954	0
NE	0.21669	1.07475	0
NE	0.25662	0.885367	0
NE	0.30252	0.764005	0
NE	0.3553	0.651453	0
NE	0.41597	0.591754	0
NE	0.48573	0.496437	0
NE	0.56593	0.458617	0
NE	0.65814	0.409401	0
NE	0.76415	0.402852	0
NE	0.88604	0.406532	0
NE	1.02617	0.407179	0
NE	1.18728	0.396077	0
NE	1.37251	0.405704	0
NE	1.58546	0.354755	0
NE	1.8303	0.260652	0
NE	2.11179	0.165681	0
NE	2.80751	0	0
=========
RE	2.57171e-08
ME	0	0	0	|	0	0
ME	0.01609	0	0	|	0	0
ME	0.02599	0	5.23325e-05	|	5.55583e-05	0
ME	0.03736	0	4.09431e-05	|	4.87051e-05	0
ME	0.05044	0	2.98128e-05	|	3.2066e-05	0
ME	0.06548	0	0	|	0	0
ME	0.08276	0	0	|	0	0
ME	0.10264	0	0	|	0	0
ME	0.12549	0	0	|	0	0
ME	0.15176	0	0	|	0	0
ME	0.18197	0	0	|	0	0
ME	0.21669	0	0	|	0	0
ME	0.25662	0	0	|	0	0
ME	0.30252	0	0	|	0	0
ME	0.3553	0	0	|	0	0
ME	0.41597	0	0	|	0	0
ME	0.48573	0	0	|	0	0
ME	0.56593	0	0	|	0	0
ME	0.65814	0	0	|	0	0
ME	0.76415	0	0	|	0	0
ME	0.88604	0	0	|	0	0
ME	1.02617	0	0	|	0	0
ME	1.18728	0	0	|	0	0
ME	1.37251	0	0	|	0	0
ME	1.58546	0	0	|	0	0
ME	1.8303	0	0	|	0	0
ME	2.11179	0	0	|	0	0
ME	2.80751	0	0	|	0	0
NE	0	0.529806	0.287793
NE	0.01609	0.248835	0.186857
NE	0.02599	0.29918	0.276739
NE	0.03736	0.394447	0.547917
NE	0.05044	0.97197	0.832732
NE	0.06548	0.69901	0
NE	0.08276	1.07055	0
NE	0.10264	1.25237	0
NE	0.12549	1.47391	0
NE	0.15176	1.41884	0
NE	0.18197	1.15064	0
NE	0.21669	1.03228	0
NE	0.25662	0.858551	0
NE	0.30252	0.726901	0
NE	0.3553	0.62892	0
NE	0.41597	0.563245	0
NE	0.48573	0.456144	0
NE	0.56593	0.4354	0
NE	0.65814	0.390201	0
NE	0.76415	0.377138	0
NE	0.88604	0.392933	0
NE	1.02617	0.397853	0
NE	1.18728	0.393388	0
NE	1.37251	0.375696	0
NE	1.58546	0.367447	0
NE	1.8303	0.237332	0
NE	2.11179	0.170704	0
NE	2.80751	0	0
=========
RE	3.45751e-08
ME	0	0	0	|	0	0
ME	0.01609	0	0	|	0	0
ME	0.02599	0	6.87024e-05	|	7.37749e-05	0
ME	0.03736	0	4.1762e-05	|	5.30499e-05	0
ME	0.05044	0	3.04408e-05	|	3.21384e-05	0
ME	0.06548	0	0	|	0	0
ME	0.08276	0	0	|	0	0
ME	0.10264	0	0	|	0	0
ME	0.12549	0	0	|	0	0
ME	0.15176	0	0	|	0	0
ME	0.18197	0	0	|	0	0
ME	0.21669	0	0	|	0	0
ME	0.25662	0	0	|	0	0
ME	0.30252	0	0	|	0	0
ME	0.3553	0	0	|	0	0
ME	0.41597	0	0	|	0	0
ME	0.48573	0	0	|	0	0
ME	0.56593	0	0	|	0	0
ME	0.65814	0	0	|	0	0
ME	0.76415	0	0	|	0	0
ME	0.88604	0	0	|	0	0
ME	1.02617	0	0	|	0	0
ME	1.18728	0	0	|	0	0
ME	1.37251	0	0	|	0	0
ME	1.58546	0	0	|	0	0
ME	1.8303	0	0	|	0	0
ME	2.11179	0	0	|	0	0
ME	2.80751	0	0	|	0	0
NE	0	0.631681	0.341237
NE	0.01609	0.316201	0.254338
NE	0.02599	0.390555	0.336867
NE	0.03736	0.468402	0.659723
NE	0.05044	1.13438	0.991798
NE	0.06548	0.636906	0
NE	0.08276	1.00352	0
NE	0.10264	1.17397	0
NE	0.12549	1.37456	0
NE	0.15176	1.33921	0
NE	0.18197	1.09902	0
NE	0.21669	0.978243	0
NE	0.25662	0.803596	0
NE	0.30252	0.683405	0
NE	0.3553	0.595285	0
NE	0.41597	0.532959	0
NE	0.48573	0.428631	0
NE	0.56593	0.408149	0
NE	0.65814	0.371509	0
NE	0.76415	0.360895	0
NE	0.88604	0.366946	0
NE	1.02617	0.38799	0
NE	1.18728	0.398921	0
NE	1.37251	0.34499	0
NE	1.58546	0.331295	0
NE	1.8303	0.203144	0
NE	2.11179	0.169549	0
NE	2.80751	0	0
=========
RE	4.32551e-08
ME	0	0	0	|	0	0
ME	0.01609	0	0	|	0	0
ME	0.02599	0	8.73411e-05	|	9.70058e-05	0
ME	0.03736	0	4.75643e-05	|	5.62426e-05	0
ME	0.05044	0	3.02164e-05	|	3.38168e-05	0
ME	0.06548	0	0	|	0	0
ME	0.08276	0	0	|	0	0
ME	0.10264	0	0	|	0	0
ME	0.12549	0	0	|	0	0
ME	0.15176	0	0	|	0	0
ME	0.18197	0	0	|	0	0
ME	0.21669	0	0	|	0	0
ME	0.25662	0	0	|	0	0
ME	0.30252	0	0	|	0	0
ME	0.3553	0	0	|	0	0
ME	0.41597	0	0	|	0	0
ME	0.48573	0	0	|	0	0
ME	0.56593	0	0	|	0	0
ME	0.65814	0	0	|	0	0
ME	0.76415	0	0	|	0	0
ME	0.88604	0	0	|	0	0
ME	1.02617	0	0	|	0	0
ME	1.18728	0	0	|	0	0
ME	1.37251	0	0	|	0	0
ME	1.58546	0	0	|	0	0
ME	1.8303	0	0	|	0	0
ME	2.11179	0	0	|	0	0
ME	2.80751	0	0	|	0	0
NE	0	0.693054	0.377569
NE	0.01609	0.368193	0.287489
NE	0.02599	0.463052	0.404482
NE	0.03736	0.516264	0.713662
NE	0.05044	1.29085	1.11245
NE	0.06548	0.582324	0
NE	0.08276	0.912445	0
NE	0.10264	1.07124	0
NE	0.12549	1.24731	0
NE	0.15176	1.24415	0
NE	0.18197	1.02452	0
NE	0.21669	0.909572	0
NE	0.25662	0.745145	0
NE	0.30252	0.644058	0
NE	0.3553	0.563198	0
NE	0.41597	0.50104	0
NE	0.48573	0.406398	0
NE	0.56593	0.389395	0
NE	0.65814	0.359748	0
NE	0.76415	0.344425	0
NE	0.88604	0.362349	0
NE	1.02617	0.375346	0
NE	1.18728	0.395078	0
NE	1.37251	0.336528	0
NE	1.58546	0.329493	0
NE	1.8303	0.194406	0
NE	2.11179	0.140708	0
NE	2.80751	0	0
