=========
RE	1e-08
ME	0	0	2.5e-05	|	2.5e-05	0
ME	0.01609	0	2.5e-05	|	2.5e-05	0
ME	0.02599	0	2.5e-05	|	2.5e-05	0
ME	0.03736	0	2.5e-05	|	2.5e-05	0
ME	0.05044	0	2.5e-05	|	2.5e-05	0
ME	0.06548	0	2.5e-05	|	2.5e-05	0
ME	0.08276	0	2.5e-05	|	2.5e-05	0
ME	0.10264	0	2.5e-05	|	2.5e-05	0
ME	0.12549	0	2.5e-05	|	2.5e-05	0
ME	0.15176	0	2.5e-05	|	2.5e-05	0
ME	0.18197	0	2.5e-05	|	2.5e-05	0
ME	0.21669	0	2.5e-05	|	2.5e-05	0
ME	0.25662	0	2.5e-05	|	2.5e-05	0
ME	0.30252	0	2.5e-05	|	2.5e-05	0
ME	0.3553	0	2.5e-05	|	2.5e-05	0
ME	0.41597	0	2.5e-05	|	2.5e-05	0
ME	0.48573	0	2.5e-05	|	2.5e-05	0
ME	0.56593	0	2.5e-05	|	2.5e-05	0
ME	0.65814	0	2.5e-05	|	2.5e-05	0
ME	0.76415	0	2.5e-05	|	2.5e-05	0
ME	0.88604	0	2.5e-05	|	2.5e-05	0
ME	1.02617	0	2.5e-05	|	2.5e-05	0
ME	1.18728	0	2.5e-05	|	2.5e-05	0
ME	1.37251	0	2.5e-05	|	2.5e-05	0
ME	1.58546	0	2.5e-05	|	2.5e-05	0
ME	1.8303	0	2.5e-05	|	2.5e-05	0
ME	2.11179	0	2.5e-05	|	2.5e-05	0
ME	2.80751	0	2.5e-05	|	2.5e-05	0
NE	0	0.3033	0.16222
NE	0.01609	0.12107	0.08878
NE	0.02599	0.14003	0.12348
NE	0.03736	0.18508	0.2708
NE	0.05044	0.49165	0.4555
NE	0.06548	0.82661	0.82661
NE	0.08276	1.14354	1.14354
NE	0.10264	1.34444	1.34444
NE	0.12549	1.65399	1.65399
NE	0.15176	1.45277	1.45277
NE	0.18197	1.22545	1.22545
NE	0.21669	1.07908	1.07908
NE	0.25662	0.89271	0.89271
NE	0.30252	0.77217	0.77217
NE	0.3553	0.660175	0.660175
NE	0.41597	0.60433	0.60433
NE	0.48573	0.52659	0.52659
NE	0.56593	0.486485	0.486485
NE	0.65814	0.44161	0.44161
NE	0.76415	0.428955	0.428955
NE	0.88604	0.436955	0.436955
NE	1.02617	0.444125	0.444125
NE	1.18728	0.43693	0.43693
NE	1.37251	0.42752	0.42752
NE	1.58546	0.33723	0.33723
NE	1.8303	0.258485	0.258485
NE	2.11179	0.161405	0.161405
NE	2.80751	0.99263	0.99263
=========
RE	1.54434e-08
ME	0	0	6.98196e-05	|	7.67406e-05	0
ME	0.01609	0	6.17343e-05	|	5.22417e-05	0
ME	0.02599	0	4.8033e-05	|	5.4667e-05	0
ME	0.03736	0	4.60119e-05	|	4.09964e-05	0
ME	0.05044	0	4.12331e-05	|	4.61096e-05	0
ME	0.06548	0	3.15843e-05	|	3.85906e-05	0
ME	0.08276	0	3.60041e-05	|	3.35595e-05	0
ME	0.10264	0	3.10734e-05	|	3.54551e-05	0
ME	0.12549	0	3.21816e-05	|	3.41393e-05	0
ME	0.15176	0	3.01957e-05	|	3.23637e-05	0
ME	0.18197	0	2.89491e-05	|	2.83113e-05	0
ME	0.21669	0	2.91763e-05	|	3.03507e-05	0
ME	0.25662	0	2.88998e-05	|	2.88482e-05	0
ME	0.30252	0	2.78464e-05	|	2.89718e-05	0
ME	0.3553	0	2.7549e-05	|	2.74029e-05	0
ME	0.41597	0	2.65138e-05	|	2.94782e-05	0
ME	0.48573	0	2.75875e-05	|	2.78356e-05	0
ME	0.56593	0	2.82623e-05	|	2.78993e-05	0
ME	0.65814	0	2.80192e-05	|	2.92443e-05	0
ME	0.76415	0	2.84167e-05	|	2.84636e-05	0
ME	0.88604	0	2.89222e-05	|	2.87248e-05	0
ME	1.02617	0	2.90355e-05	|	2.80963e-05	0
ME	1.18728	0	2.74837e-05	|	2.65266e-05	0
ME	1.37251	0	2.81926e-05	|	2.6666e-05	0
ME	1.58546	0	2.89972e-05	|	2.72013e-05	0
ME	1.8303	0	3.02474e-05	|	2.85137e-05	0
ME	2.11179	0	3.08421e-05	|	2.83587e-05	0
ME	2.80751	0	2.65516e-05	|	2.52231e-05	0
NE	0	0.426075	0.232439
NE	0.01609	0.168279	0.117883
NE	0.02599	0.191634	0.165274
NE	0.03736	0.237243	0.366665
NE	0.05044	0.651622	0.499794
NE	0.06548	0.889643	0.894284
NE	0.08276	1.17106	1.14464
NE	0.10264	1.21683	1.32817
NE	0.12549	1.615	1.52828
NE	0.15176	1.3743	1.36439
NE	0.18197	1.12009	1.18165
NE	0.21669	1.02197	1.0242
NE	0.25662	0.84267	0.830659
NE	0.30252	0.70998	0.719721
NE	0.3553	0.592692	0.603227
NE	0.41597	0.540398	0.556112
NE	0.48573	0.473455	0.469831
NE	0.56593	0.437337	0.41274
NE	0.65814	0.36688	0.370458
NE	0.76415	0.364308	0.355372
NE	0.88604	0.361496	0.370829
NE	1.02617	0.372361	0.371505
NE	1.18728	0.368449	0.356418
NE	1.37251	0.36532	0.385339
NE	1.58546	0.293619	0.312575
NE	1.8303	0.221595	0.241675
NE	2.11179	0.141775	0.148136
NE	2.80751	0.74491	0.840127
=========
RE	2.17886e-08
ME	0	0	0.000142961	|	0.000110773	0
ME	0.01609	0	0.000117583	|	8.99823e-05	0
ME	0.02599	0	7.3161e-05	|	8.3718e-05	0
ME	0.03736	0	7.09266e-05	|	5.63434e-05	0
ME	0.05044	0	5.77403e-05	|	5.36876e-05	0
ME	0.06548	0	4.18355e-05	|	4.51784e-05	0
ME	0.08276	0	4.33156e-05	|	3.84542e-05	0
ME	0.10264	0	3.67818e-05	|	3.74977e-05	0
ME	0.12549	0	3.61695e-05	|	3.81657e-05	0
ME	0.15176	0	3.57847e-05	|	3.34498e-05	0
ME	0.18197	0	3.22745e-05	|	3.25825e-05	0
ME	0.21669	0	3.3509e-05	|	3.29165e-05	0
ME	0.25662	0	3.15255e-05	|	3.17369e-05	0
ME	0.30252	0	2.90123e-05	|	3.12344e-05	0
ME	0.3553	0	2.98787e-05	|	2.85909e-05	0
ME	0.41597	0	3.09051e-05	|	3.20494e-05	0
ME	0.48573	0	3.10929e-05	|	3.12986e-05	0
ME	0.56593	0	3.11443e-05	|	3.20339e-05	0
ME	0.65814	0	3.10582e-05	|	3.39886e-05	0
ME	0.76415	0	3.24679e-05	|	3.246e-05	0
ME	0.88604	0	3.27602e-05	|	3.31121e-05	0
ME	1.02617	0	3.22698e-05	|	3.12143e-05	0
ME	1.18728	0	3.14769e-05	|	3.02261e-05	0
ME	1.37251	0	3.10207e-05	|	2.86836e-05	0
ME	1.58546	0	3.14677e-05	|	2.95692e-05	0
ME	1.8303	0	3.37592e-05	|	3.09913e-05	0
ME	2.11179	0	3.48637e-05	|	3.55955e-05	0
ME	2.80751	0	2.79392e-05	|	2.56746e-05	0
NE	0	0.520752	0.298239
NE	0.01609	0.203593	0.148075
NE	0.02599	0.239702	0.198335
NE	0.03736	0.270804	0.413605
NE	0.05044	0.638231	0.506144
NE	0.06548	0.95258	0.914475
NE	0.08276	1.16674	1.08217
NE	0.10264	1.16958	1.31254
NE	0.12549	1.47052	1.42088
NE	0.15176	1.32724	1.26594
NE	0.18197	1.04212	1.06114
NE	0.21669	0.912141	0.924502
NE	0.25662	0.776278	0.755572
NE	0.30252	0.650812	0.644801
NE	0.3553	0.538557	0.541451
NE	0.41597	0.469783	0.494042
NE	0.48573	0.427033	0.419233
NE	0.56593	0.385222	0.364642
NE	0.65814	0.32349	0.322233
NE	0.76415	0.315039	0.312438
NE	0.88604	0.300449	0.320601
NE	1.02617	0.320413	0.324138
NE	1.18728	0.314906	0.307202
NE	1.37251	0.328589	0.348143
NE	1.58546	0.27223	0.289834
NE	1.8303	0.210397	0.221821
NE	2.11179	0.133778	0.135541
NE	2.80751	0.581029	0.66987
=========
RE	2.86283e-08
ME	0	0	0.000194715	|	0.000133465	0
ME	0.01609	0	0.000180296	|	0.000129462	0
ME	0.02599	0	9.32483e-05	|	0.000119627	0
ME	0.03736	0	8.42975e-05	|	6.59436e-05	0
ME	0.05044	0	6.55235e-05	|	6.14417e-05	0
ME	0.06548	0	4.34335e-05	|	4.85394e-05	0
ME	0.08276	0	5.06096e-05	|	4.23389e-05	0
ME	0.10264	0	4.07999e-05	|	4.05915e-05	0
ME	0.12549	0	3.8108e-05	|	4.09543e-05	0
ME	0.15176	0	3.81391e-05	|	3.70518e-05	0
ME	0.18197	0	3.36321e-05	|	3.54163e-05	0
ME	0.21669	0	3.43571e-05	|	3.49469e-05	0
ME	0.25662	0	3.17451e-05	|	3.57991e-05	0
ME	0.30252	0	3.02284e-05	|	3.42062e-05	0
ME	0.3553	0	3.15215e-05	|	3.05056e-05	0
ME	0.41597	0	3.34276e-05	|	3.54226e-05	0
ME	0.48573	0	3.52578e-05	|	3.51805e-05	0
ME	0.56593	0	3.4945e-05	|	3.54655e-05	0
ME	0.65814	0	3.44321e-05	|	3.82286e-05	0
ME	0.76415	0	3.59739e-05	|	3.51903e-05	0
ME	0.88604	0	3.65283e-05	|	3.70818e-05	0
ME	1.02617	0	3.56976e-05	|	3.41068e-05	0
ME	1.18728	0	3.47272e-05	|	3.23247e-05	0
ME	1.37251	0	3.31779e-05	|	3.27157e-05	0
ME	1.58546	0	3.45819e-05	|	3.10621e-05	0
ME	1.8303	0	3.71266e-05	|	3.57097e-05	0
ME	2.11179	0	3.97641e-05	|	4.01963e-05	0
ME	2.80751	0	2.78492e-05	|	2.63062e-05	0
NE	0	0.59248	0.32787
NE	0.01609	0.232356	0.176789
NE	0.02599	0.269793	0.224762
NE	0.03736	0.276685	0.441107
NE	0.05044	0.629439	0.515379
NE	0.06548	0.910759	0.888024
NE	0.08276	1.10339	1.02342
NE	0.10264	1.05667	1.21472
NE	0.12549	1.38118	1.24912
NE	0.15176	1.21453	1.17138
NE	0.18197	0.951853	0.95024
NE	0.21669	0.827752	0.828828
NE	0.25662	0.706931	0.668753
NE	0.30252	0.597239	0.579122
NE	0.3553	0.486304	0.487905
NE	0.41597	0.413664	0.439984
NE	0.48573	0.378348	0.365417
NE	0.56593	0.340145	0.321316
NE	0.65814	0.284258	0.283921
NE	0.76415	0.277663	0.27489
NE	0.88604	0.25974	0.281425
NE	1.02617	0.283528	0.291327
NE	1.18728	0.274398	0.284488
NE	1.37251	0.304455	0.31208
NE	1.58546	0.255004	0.269716
NE	1.8303	0.200518	0.206864
NE	2.11179	0.131409	0.134904
NE	2.80751	0.583911	0.616696
