=========
RE	1e-08
ME	0	0	0	|	0	0
ME	0.01609	0	0	|	0	0
ME	0.02599	0	2.5e-05	|	2.5e-05	0
ME	0.03736	0	2.5e-05	|	2.5e-05	0
ME	0.05044	0	2.5e-05	|	2.5e-05	0
ME	0.06548	0	0	|	2.5e-05	0
ME	0.08276	0	0	|	2.5e-05	0
ME	0.10264	0	0	|	2.5e-05	0
ME	0.12549	0	0	|	2.5e-05	0
ME	0.15176	0	0	|	2.5e-05	0
ME	0.18197	0	0	|	2.5e-05	0
ME	0.21669	0	0	|	2.5e-05	0
ME	0.25662	0	0	|	2.5e-05	0
ME	0.30252	0	0	|	2.5e-05	0
ME	0.3553	0	0	|	2.5e-05	0
ME	0.41597	0	0	|	2.5e-05	0
ME	0.48573	0	0	|	2.5e-05	0
ME	0.56593	0	0	|	2.5e-05	0
ME	0.65814	0	0	|	2.5e-05	0
ME	0.76415	0	0	|	2.5e-05	0
ME	0.88604	0	0	|	2.5e-05	0
ME	1.02617	0	0	|	2.5e-05	0
ME	1.18728	0	0	|	2.5e-05	0
ME	1.37251	0	0	|	2.5e-05	0
ME	1.58546	0	0	|	2.5e-05	0
ME	1.8303	0	0	|	2.5e-05	0
ME	2.11179	0	0	|	2.5e-05	0
ME	2.80751	0	0	|	2.5e-05	0
NE	0	0	0.16222
NE	0.01609	0.12107	0.08878
NE	0.02599	0.14003	0.12348
NE	0.03736	0.18508	0.2708
NE	0.05044	0.49165	0.4555
NE	0.06548	0.82661	0.82661
NE	0.08276	1.14354	1.14354
NE	0.10264	1.34444	1.34444
NE	0.12549	1.65399	1.65399
NE	0.15176	1.45277	1.45277
NE	0.18197	1.22545	1.22545
NE	0.21669	1.07908	1.07908
NE	0.25662	0.89271	0.89271
NE	0.30252	0.77217	0.77217
NE	0.3553	0.660175	0.660175
NE	0.41597	0.60433	0.60433
NE	0.48573	0.52659	0.52659
NE	0.56593	0.486485	0.486485
NE	0.65814	0.44161	0.44161
NE	0.76415	0.428955	0.428955
NE	0.88604	0.436955	0.436955
NE	1.02617	0.444125	0.444125
NE	1.18728	0.43693	0.43693
NE	1.37251	0.42752	0.42752
NE	1.58546	0.33723	0.33723
NE	1.8303	0.258485	0.258485
NE	2.11179	0.161405	0.161405
NE	2.80751	0.99263	0.99263
=========
RE	1.71136e-08
ME	0	0	0	|	0	0
ME	0.01609	0	0	|	0	0
ME	0.02599	0	3.72641e-05	|	3.52008e-05	0
ME	0.03736	0	3.52908e-05	|	3.32484e-05	0
ME	0.05044	0	2.97968e-05	|	2.73338e-05	0
ME	0.06548	0	0	|	0	0
ME	0.08276	0	0	|	0	0
ME	0.10264	0	0	|	0	0
ME	0.12549	0	0	|	0	0
ME	0.15176	0	0	|	0	0
ME	0.18197	0	0	|	0	0
ME	0.21669	0	0	|	0	0
ME	0.25662	0	0	|	0	0
ME	0.30252	0	0	|	0	0
ME	0.3553	0	0	|	0	0
ME	0.41597	0	0	|	0	0
ME	0.48573	0	0	|	0	0
ME	0.56593	0	0	|	0	0
ME	0.65814	0	0	|	0	0
ME	0.76415	0	0	|	0	0
ME	0.88604	0	0	|	0	0
ME	1.02617	0	0	|	0	0
ME	1.18728	0	0	|	0	0
ME	1.37251	0	0	|	0	0
ME	1.58546	0	0	|	0	0
ME	1.8303	0	0	|	0	0
ME	2.11179	0	0	|	0	0
ME	2.80751	0	0	|	0	0
NE	0	0.386207	0.237979
NE	0.01609	0.188984	0.137489
NE	0.02599	0.21866	0.198685
NE	0.03736	0.29204	0.403806
NE	0.05044	0.737893	0.649603
NE	0.06548	0.766256	0
NE	0.08276	1.08847	0
NE	0.10264	1.29305	0
NE	0.12549	1.57562	0
NE	0.15176	1.42991	0
NE	0.18197	1.20383	0
NE	0.21669	1.07131	0
NE	0.25662	0.889312	0
NE	0.30252	0.757651	0
NE	0.3553	0.64303	0
NE	0.41597	0.574554	0
NE	0.48573	0.504105	0
NE	0.56593	0.466196	0
NE	0.65814	0.41306	0
NE	0.76415	0.395673	0
NE	0.88604	0.411427	0
NE	1.02617	0.425259	0
NE	1.18728	0.406143	0
NE	1.37251	0.399119	0
NE	1.58546	0.301245	0
NE	1.8303	0.249092	0
NE	2.11179	0.139495	0
NE	2.80751	0	0
=========
RE	2.57649e-08
ME	0	0	0	|	0	0
ME	0.01609	0	0	|	0	0
ME	0.02599	0	4.90472e-05	|	5.05123e-05	0
ME	0.03736	0	3.9372e-05	|	3.257e-05	0
ME	0.05044	0	3.37762e-05	|	2.77697e-05	0
ME	0.06548	0	0	|	0	0
ME	0.08276	0	0	|	0	0
ME	0.10264	0	0	|	0	0
ME	0.12549	0	0	|	0	0
ME	0.15176	0	0	|	0	0
ME	0.18197	0	0	|	0	0
ME	0.21669	0	0	|	0	0
ME	0.25662	0	0	|	0	0
ME	0.30252	0	0	|	0	0
ME	0.3553	0	0	|	0	0
ME	0.41597	0	0	|	0	0
ME	0.48573	0	0	|	0	0
ME	0.56593	0	0	|	0	0
ME	0.65814	0	0	|	0	0
ME	0.76415	0	0	|	0	0
ME	0.88604	0	0	|	0	0
ME	1.02617	0	0	|	0	0
ME	1.18728	0	0	|	0	0
ME	1.37251	0	0	|	0	0
ME	1.58546	0	0	|	0	0
ME	1.8303	0	0	|	0	0
ME	2.11179	0	0	|	0	0
ME	2.80751	0	0	|	0	0
NE	0	0.458044	0.328696
NE	0.01609	0.242454	0.199782
NE	0.02599	0.316973	0.281829
NE	0.03736	0.38009	0.570142
NE	0.05044	0.906647	0.822909
NE	0.06548	0.696813	0
NE	0.08276	1.05277	0
NE	0.10264	1.25996	0
NE	0.12549	1.52793	0
NE	0.15176	1.38543	0
NE	0.18197	1.16827	0
NE	0.21669	1.04413	0
NE	0.25662	0.868399	0
NE	0.30252	0.736233	0
NE	0.3553	0.609131	0
NE	0.41597	0.557408	0
NE	0.48573	0.471504	0
NE	0.56593	0.439265	0
NE	0.65814	0.38756	0
NE	0.76415	0.37561	0
NE	0.88604	0.393955	0
NE	1.02617	0.389485	0
NE	1.18728	0.397217	0
NE	1.37251	0.367295	0
NE	1.58546	0.287953	0
NE	1.8303	0.213696	0
NE	2.11179	0.130165	0
NE	2.80751	0	0
=========
RE	3.4661e-08
ME	0	0	0	|	0	0
ME	0.01609	0	0	|	0	0
ME	0.02599	0	6.38533e-05	|	6.90948e-05	0
ME	0.03736	0	4.30158e-05	|	3.47796e-05	0
ME	0.05044	0	3.53338e-05	|	2.87443e-05	0
ME	0.06548	0	0	|	0	0
ME	0.08276	0	0	|	0	0
ME	0.10264	0	0	|	0	0
ME	0.12549	0	0	|	0	0
ME	0.15176	0	0	|	0	0
ME	0.18197	0	0	|	0	0
ME	0.21669	0	0	|	0	0
ME	0.25662	0	0	|	0	0
ME	0.30252	0	0	|	0	0
ME	0.3553	0	0	|	0	0
ME	0.41597	0	0	|	0	0
ME	0.48573	0	0	|	0	0
ME	0.56593	0	0	|	0	0
ME	0.65814	0	0	|	0	0
ME	0.76415	0	0	|	0	0
ME	0.88604	0	0	|	0	0
ME	1.02617	0	0	|	0	0
ME	1.18728	0	0	|	0	0
ME	1.37251	0	0	|	0	0
ME	1.58546	0	0	|	0	0
ME	1.8303	0	0	|	0	0
ME	2.11179	0	0	|	0	0
ME	2.80751	0	0	|	0	0
NE	0	0.535135	0.382678
NE	0.01609	0.300835	0.254691
NE	0.02599	0.388506	0.343661
NE	0.03736	0.451709	0.65984
NE	0.05044	1.0877	0.927952
NE	0.06548	0.641884	0
NE	0.08276	0.992551	0
NE	0.10264	1.19094	0
NE	0.12549	1.42597	0
NE	0.15176	1.30542	0
NE	0.18197	1.08104	0
NE	0.21669	0.982529	0
NE	0.25662	0.81639	0
NE	0.30252	0.693849	0
NE	0.3553	0.572279	0
NE	0.41597	0.520764	0
NE	0.48573	0.444574	0
NE	0.56593	0.41908	0
NE	0.65814	0.369986	0
NE	0.76415	0.363737	0
NE	0.88604	0.37365	0
NE	1.02617	0.39333	0
NE	1.18728	0.383203	0
NE	1.37251	0.358512	0
NE	1.58546	0.291568	0
NE	1.8303	0.187346	0
NE	2.11179	0.141071	0
NE	2.80751	0	0
=========
RE	4.3209e-08
ME	0	0	0	|	0	0
ME	0.01609	0	0	|	0	0
ME	0.02599	0	8.50133e-05	|	8.51188e-05	0
ME	0.03736	0	4.967e-05	|	3.74958e-05	0
ME	0.05044	0	3.71222e-05	|	3.07852e-05	0
ME	0.06548	0	0	|	0	0
ME	0.08276	0	0	|	0	0
ME	0.10264	0	0	|	0	0
ME	0.12549	0	0	|	0	0
ME	0.15176	0	0	|	0	0
ME	0.18197	0	0	|	0	0
ME	0.21669	0	0	|	0	0
ME	0.25662	0	0	|	0	0
ME	0.30252	0	0	|	0	0
ME	0.3553	0	0	|	0	0
ME	0.41597	0	0	|	0	0
ME	0.48573	0	0	|	0	0
ME	0.56593	0	0	|	0	0
ME	0.65814	0	0	|	0	0
ME	0.76415	0	0	|	0	0
ME	0.88604	0	0	|	0	0
ME	1.02617	0	0	|	0	0
ME	1.18728	0	0	|	0	0
ME	1.37251	0	0	|	0	0
ME	1.58546	0	0	|	0	0
ME	1.8303	0	0	|	0	0
ME	2.11179	0	0	|	0	0
ME	2.80751	0	0	|	0	0
NE	0	0.523296	0.392724
NE	0.01609	0.349744	0.291563
NE	0.02599	0.438184	0.38042
NE	0.03736	0.50449	0.784859
NE	0.05044	1.19998	1.03465
NE	0.06548	0.577593	0
NE	0.08276	0.928713	0
NE	0.10264	1.12832	0
NE	0.12549	1.30521	0
NE	0.15176	1.21069	0
NE	0.18197	1.00124	0
NE	0.21669	0.92113	0
NE	0.25662	0.770149	0
NE	0.30252	0.657052	0
NE	0.3553	0.547749	0
NE	0.41597	0.488801	0
NE	0.48573	0.420889	0
NE	0.56593	0.400493	0
NE	0.65814	0.357749	0
NE	0.76415	0.358672	0
NE	0.88604	0.360394	0
NE	1.02617	0.398842	0
NE	1.18728	0.385345	0
NE	1.37251	0.338786	0
NE	1.58546	0.306536	0
NE	1.8303	0.175242	0
NE	2.11179	0.123669	0
NE	2.80751	0	0
