=========
RE	1e-08
ME	0	0	0	|	0	0
ME	0.01609	0	0	|	0	0
ME	0.02599	0	2.5e-05	|	2.5e-05	0
ME	0.03736	0	2.5e-05	|	2.5e-05	0
ME	0.05044	0	2.5e-05	|	2.5e-05	0
ME	0.06548	0	0	|	2.5e-05	0
ME	0.08276	0	0	|	2.5e-05	0
ME	0.10264	0	0	|	2.5e-05	0
ME	0.12549	0	0	|	2.5e-05	0
ME	0.15176	0	0	|	2.5e-05	0
ME	0.18197	0	0	|	2.5e-05	0
ME	0.21669	0	0	|	2.5e-05	0
ME	0.25662	0	0	|	2.5e-05	0
ME	0.30252	0	0	|	2.5e-05	0
ME	0.3553	0	0	|	2.5e-05	0
ME	0.41597	0	0	|	2.5e-05	0
ME	0.48573	0	0	|	2.5e-05	0
ME	0.56593	0	0	|	2.5e-05	0
ME	0.65814	0	0	|	2.5e-05	0
ME	0.76415	0	0	|	2.5e-05	0
ME	0.88604	0	0	|	2.5e-05	0
ME	1.02617	0	0	|	2.5e-05	0
ME	1.18728	0	0	|	2.5e-05	0
ME	1.37251	0	0	|	2.5e-05	0
ME	1.58546	0	0	|	2.5e-05	0
ME	1.8303	0	0	|	2.5e-05	0
ME	2.11179	0	0	|	2.5e-05	0
ME	2.80751	0	0	|	2.5e-05	0
NE	0	0	0.16222
NE	0.01609	0.12107	0.08878
NE	0.02599	0.14003	0.12348
NE	0.03736	0.18508	0.2708
NE	0.05044	0.49165	0.4555
NE	0.06548	0.82661	0.82661
NE	0.08276	1.14354	1.14354
NE	0.10264	1.34444	1.34444
NE	0.12549	1.65399	1.65399
NE	0.15176	1.45277	1.45277
NE	0.18197	1.22545	1.22545
NE	0.21669	1.07908	1.07908
NE	0.25662	0.89271	0.89271
NE	0.30252	0.77217	0.77217
NE	0.3553	0.660175	0.660175
NE	0.41597	0.60433	0.60433
NE	0.48573	0.52659	0.52659
NE	0.56593	0.486485	0.486485
NE	0.65814	0.44161	0.44161
NE	0.76415	0.428955	0.428955
NE	0.88604	0.436955	0.436955
NE	1.02617	0.444125	0.444125
NE	1.18728	0.43693	0.43693
NE	1.37251	0.42752	0.42752
NE	1.58546	0.33723	0.33723
NE	1.8303	0.258485	0.258485
NE	2.11179	0.161405	0.161405
NE	2.80751	0.99263	0.99263
=========
RE	1.70775e-08
ME	0	0	0	|	0	0
ME	0.01609	0	0	|	0	0
ME	0.02599	0	3.68335e-05	|	3.41286e-05	0
ME	0.03736	0	3.18998e-05	|	2.78572e-05	0
ME	0.05044	0	2.5385e-05	|	2.64549e-05	0
ME	0.06548	0	0	|	0	0
ME	0.08276	0	0	|	0	0
ME	0.10264	0	0	|	0	0
ME	0.12549	0	0	|	0	0
ME	0.15176	0	0	|	0	0
ME	0.18197	0	0	|	0	0
ME	0.21669	0	0	|	0	0
ME	0.25662	0	0	|	0	0
ME	0.30252	0	0	|	0	0
ME	0.3553	0	0	|	0	0
ME	0.41597	0	0	|	0	0
ME	0.48573	0	0	|	0	0
ME	0.56593	0	0	|	0	0
ME	0.65814	0	0	|	0	0
ME	0.76415	0	0	|	0	0
ME	0.88604	0	0	|	0	0
ME	1.02617	0	0	|	0	0
ME	1.18728	0	0	|	0	0
ME	1.37251	0	0	|	0	0
ME	1.58546	0	0	|	0	0
ME	1.8303	0	0	|	0	0
ME	2.11179	0	0	|	0	0
ME	2.80751	0	0	|	0	0
NE	0	0.461914	0.241187
NE	0.01609	0.176065	0.141805
NE	0.02599	0.224175	0.198425
NE	0.03736	0.284492	0.424286
NE	0.05044	0.751421	0.652787
NE	0.06548	0.750852	0
NE	0.08276	1.08259	0
NE	0.10264	1.2943	0
NE	0.12549	1.58286	0
NE	0.15176	1.41237	0
NE	0.18197	1.24888	0
NE	0.21669	1.05584	0
NE	0.25662	0.890229	0
NE	0.30252	0.775712	0
NE	0.3553	0.646741	0
NE	0.41597	0.577752	0
NE	0.48573	0.50353	0
NE	0.56593	0.462818	0
NE	0.65814	0.409639	0
NE	0.76415	0.397069	0
NE	0.88604	0.408346	0
NE	1.02617	0.413557	0
NE	1.18728	0.396876	0
NE	1.37251	0.468342	0
NE	1.58546	0.348007	0
NE	1.8303	0.225528	0
NE	2.11179	0.12215	0
NE	2.80751	0	0
=========
RE	2.57261e-08
ME	0	0	0	|	0	0
ME	0.01609	0	0	|	0	0
ME	0.02599	0	4.49483e-05	|	4.44452e-05	0
ME	0.03736	0	3.72242e-05	|	3.68712e-05	0
ME	0.05044	0	2.258e-05	|	2.51799e-05	0
ME	0.06548	0	0	|	0	0
ME	0.08276	0	0	|	0	0
ME	0.10264	0	0	|	0	0
ME	0.12549	0	0	|	0	0
ME	0.15176	0	0	|	0	0
ME	0.18197	0	0	|	0	0
ME	0.21669	0	0	|	0	0
ME	0.25662	0	0	|	0	0
ME	0.30252	0	0	|	0	0
ME	0.3553	0	0	|	0	0
ME	0.41597	0	0	|	0	0
ME	0.48573	0	0	|	0	0
ME	0.56593	0	0	|	0	0
ME	0.65814	0	0	|	0	0
ME	0.76415	0	0	|	0	0
ME	0.88604	0	0	|	0	0
ME	1.02617	0	0	|	0	0
ME	1.18728	0	0	|	0	0
ME	1.37251	0	0	|	0	0
ME	1.58546	0	0	|	0	0
ME	1.8303	0	0	|	0	0
ME	2.11179	0	0	|	0	0
ME	2.80751	0	0	|	0	0
NE	0	0.573923	0.326557
NE	0.01609	0.24252	0.207191
NE	0.02599	0.306238	0.284462
NE	0.03736	0.389154	0.568099
NE	0.05044	0.970076	0.818101
NE	0.06548	0.711039	0
NE	0.08276	1.03288	0
NE	0.10264	1.24232	0
NE	0.12549	1.52596	0
NE	0.15176	1.36248	0
NE	0.18197	1.22203	0
NE	0.21669	1.01931	0
NE	0.25662	0.855188	0
NE	0.30252	0.753786	0
NE	0.3553	0.615818	0
NE	0.41597	0.548732	0
NE	0.48573	0.474176	0
NE	0.56593	0.436494	0
NE	0.65814	0.379227	0
NE	0.76415	0.375131	0
NE	0.88604	0.392078	0
NE	1.02617	0.399037	0
NE	1.18728	0.371424	0
NE	1.37251	0.430549	0
NE	1.58546	0.326963	0
NE	1.8303	0.249397	0
NE	2.11179	0.0807104	0
NE	2.80751	0	0
=========
RE	3.45639e-08
ME	0	0	0	|	0	0
ME	0.01609	0	0	|	0	0
ME	0.02599	0	5.90114e-05	|	5.61699e-05	0
ME	0.03736	0	4.17164e-05	|	3.73668e-05	0
ME	0.05044	0	2.41197e-05	|	2.52638e-05	0
ME	0.06548	0	0	|	0	0
ME	0.08276	0	0	|	0	0
ME	0.10264	0	0	|	0	0
ME	0.12549	0	0	|	0	0
ME	0.15176	0	0	|	0	0
ME	0.18197	0	0	|	0	0
ME	0.21669	0	0	|	0	0
ME	0.25662	0	0	|	0	0
ME	0.30252	0	0	|	0	0
ME	0.3553	0	0	|	0	0
ME	0.41597	0	0	|	0	0
ME	0.48573	0	0	|	0	0
ME	0.56593	0	0	|	0	0
ME	0.65814	0	0	|	0	0
ME	0.76415	0	0	|	0	0
ME	0.88604	0	0	|	0	0
ME	1.02617	0	0	|	0	0
ME	1.18728	0	0	|	0	0
ME	1.37251	0	0	|	0	0
ME	1.58546	0	0	|	0	0
ME	1.8303	0	0	|	0	0
ME	2.11179	0	0	|	0	0
ME	2.80751	0	0	|	0	0
NE	0	0.628426	0.38477
NE	0.01609	0.297726	0.261884
NE	0.02599	0.391385	0.374966
NE	0.03736	0.479513	0.676558
NE	0.05044	1.16929	0.990305
NE	0.06548	0.654612	0
NE	0.08276	0.992995	0
NE	0.10264	1.18859	0
NE	0.12549	1.44724	0
NE	0.15176	1.26946	0
NE	0.18197	1.16492	0
NE	0.21669	0.978603	0
NE	0.25662	0.798693	0
NE	0.30252	0.701418	0
NE	0.3553	0.579921	0
NE	0.41597	0.521582	0
NE	0.48573	0.446995	0
NE	0.56593	0.415498	0
NE	0.65814	0.36412	0
NE	0.76415	0.359936	0
NE	0.88604	0.373715	0
NE	1.02617	0.385795	0
NE	1.18728	0.358272	0
NE	1.37251	0.430501	0
NE	1.58546	0.301494	0
NE	1.8303	0.282989	0
NE	2.11179	0.0613759	0
NE	2.80751	0	0
=========
RE	4.32729e-08
ME	0	0	0	|	0	0
ME	0.01609	0	0	|	0	0
ME	0.02599	0	7.17047e-05	|	7.26345e-05	0
ME	0.03736	0	4.27257e-05	|	4.15729e-05	0
ME	0.05044	0	2.46767e-05	|	2.52689e-05	0
ME	0.06548	0	0	|	0	0
ME	0.08276	0	0	|	0	0
ME	0.10264	0	0	|	0	0
ME	0.12549	0	0	|	0	0
ME	0.15176	0	0	|	0	0
ME	0.18197	0	0	|	0	0
ME	0.21669	0	0	|	0	0
ME	0.25662	0	0	|	0	0
ME	0.30252	0	0	|	0	0
ME	0.3553	0	0	|	0	0
ME	0.41597	0	0	|	0	0
ME	0.48573	0	0	|	0	0
ME	0.56593	0	0	|	0	0
ME	0.65814	0	0	|	0	0
ME	0.76415	0	0	|	0	0
ME	0.88604	0	0	|	0	0
ME	1.02617	0	0	|	0	0
ME	1.18728	0	0	|	0	0
ME	1.37251	0	0	|	0	0
ME	1.58546	0	0	|	0	0
ME	1.8303	0	0	|	0	0
ME	2.11179	0	0	|	0	0
ME	2.80751	0	0	|	0	0
NE	0	0.661691	0.39427
NE	0.01609	0.341598	0.281621
NE	0.02599	0.440791	0.424416
NE	0.03736	0.513429	0.748595
NE	0.05044	1.27338	1.08395
NE	0.06548	0.591383	0
NE	0.08276	0.906365	0
NE	0.10264	1.08805	0
NE	0.12549	1.33555	0
NE	0.15176	1.17327	0
NE	0.18197	1.08972	0
NE	0.21669	0.913003	0
NE	0.25662	0.740973	0
NE	0.30252	0.65685	0
NE	0.3553	0.550527	0
NE	0.41597	0.491681	0
NE	0.48573	0.420303	0
NE	0.56593	0.399992	0
NE	0.65814	0.353536	0
NE	0.76415	0.353532	0
NE	0.88604	0.358269	0
NE	1.02617	0.380979	0
NE	1.18728	0.363081	0
NE	1.37251	0.449911	0
NE	1.58546	0.320254	0
NE	1.8303	0.345974	0
NE	2.11179	0.0830465	0
NE	2.80751	0	0
