=========
RE	1e-08
ME	0	0	0	|	0	0
ME	0.01609	0	0	|	0	0
ME	0.02599	0	2.5e-05	|	2.5e-05	0
ME	0.03736	0	2.5e-05	|	2.5e-05	0
ME	0.05044	0	2.5e-05	|	2.5e-05	0
ME	0.06548	0	0	|	2.5e-05	0
ME	0.08276	0	0	|	2.5e-05	0
ME	0.10264	0	0	|	2.5e-05	0
ME	0.12549	0	0	|	2.5e-05	0
ME	0.15176	0	0	|	2.5e-05	0
ME	0.18197	0	0	|	2.5e-05	0
ME	0.21669	0	0	|	2.5e-05	0
ME	0.25662	0	0	|	2.5e-05	0
ME	0.30252	0	0	|	2.5e-05	0
ME	0.3553	0	0	|	2.5e-05	0
ME	0.41597	0	0	|	2.5e-05	0
ME	0.48573	0	0	|	2.5e-05	0
ME	0.56593	0	0	|	2.5e-05	0
ME	0.65814	0	0	|	2.5e-05	0
ME	0.76415	0	0	|	2.5e-05	0
ME	0.88604	0	0	|	2.5e-05	0
ME	1.02617	0	0	|	2.5e-05	0
ME	1.18728	0	0	|	2.5e-05	0
ME	1.37251	0	0	|	2.5e-05	0
ME	1.58546	0	0	|	2.5e-05	0
ME	1.8303	0	0	|	2.5e-05	0
ME	2.11179	0	0	|	2.5e-05	0
ME	2.80751	0	0	|	2.5e-05	0
NE	0	0.3033	0.16222
NE	0.01609	0.12107	0.08878
NE	0.02599	0.14003	0.12348
NE	0.03736	0.18508	0.2708
NE	0.05044	0.49165	0.4555
NE	0.06548	0.82661	0.82661
NE	0.08276	1.14354	1.14354
NE	0.10264	1.34444	1.34444
NE	0.12549	1.65399	1.65399
NE	0.15176	1.45277	1.45277
NE	0.18197	1.22545	1.22545
NE	0.21669	1.07908	1.07908
NE	0.25662	0.89271	0.89271
NE	0.30252	0.77217	0.77217
NE	0.3553	0.660175	0.660175
NE	0.41597	0.60433	0.60433
NE	0.48573	0.52659	0.52659
NE	0.56593	0.486485	0.486485
NE	0.65814	0.44161	0.44161
NE	0.76415	0.428955	0.428955
NE	0.88604	0.436955	0.436955
NE	1.02617	0.444125	0.444125
NE	1.18728	0.43693	0.43693
NE	1.37251	0.42752	0.42752
NE	1.58546	0.33723	0.33723
NE	1.8303	0.258485	0.258485
NE	2.11179	0.161405	0.161405
NE	2.80751	0.99263	0.99263
=========
RE	1.72293e-08
ME	0	0	0	|	0	0
ME	0.01609	0	0	|	0	0
ME	0.02599	0	3.32816e-05	|	4.21262e-05	0
ME	0.03736	0	2.67229e-05	|	3.34554e-05	0
ME	0.05044	0	2.31016e-05	|	2.51907e-05	0
ME	0.06548	0	0	|	0	0
ME	0.08276	0	0	|	0	0
ME	0.10264	0	0	|	0	0
ME	0.12549	0	0	|	0	0
ME	0.15176	0	0	|	0	0
ME	0.18197	0	0	|	0	0
ME	0.21669	0	0	|	0	0
ME	0.25662	0	0	|	0	0
ME	0.30252	0	0	|	0	0
ME	0.3553	0	0	|	0	0
ME	0.41597	0	0	|	0	0
ME	0.48573	0	0	|	0	0
ME	0.56593	0	0	|	0	0
ME	0.65814	0	0	|	0	0
ME	0.76415	0	0	|	0	0
ME	0.88604	0	0	|	0	0
ME	1.02617	0	0	|	0	0
ME	1.18728	0	0	|	0	0
ME	1.37251	0	0	|	0	0
ME	1.58546	0	0	|	0	0
ME	1.8303	0	0	|	0	0
ME	2.11179	0	0	|	0	0
ME	2.80751	0	0	|	0	0
NE	0	0.432604	0.244212
NE	0.01609	0.190999	0.134719
NE	0.02599	0.211134	0.203268
NE	0.03736	0.2726	0.431347
NE	0.05044	0.680695	0.685874
NE	0.06548	0.763767	0.3033
NE	0.08276	1.05948	0.3033
NE	0.10264	1.29652	0.3033
NE	0.12549	1.62921	0.3033
NE	0.15176	1.38166	0.3033
NE	0.18197	1.20734	0.3033
NE	0.21669	1.07035	0.3033
NE	0.25662	0.892096	0.3033
NE	0.30252	0.771758	0.3033
NE	0.3553	0.656366	0.3033
NE	0.41597	0.580848	0.3033
NE	0.48573	0.504292	0.3033
NE	0.56593	0.454017	0.3033
NE	0.65814	0.405547	0.3033
NE	0.76415	0.384909	0.3033
NE	0.88604	0.413081	0.3033
NE	1.02617	0.412775	0.3033
NE	1.18728	0.406166	0.3033
NE	1.37251	0.388857	0.3033
NE	1.58546	0.325947	0.3033
NE	1.8303	0.21441	0.3033
NE	2.11179	0.188516	0.3033
NE	2.80751	0.3033	0.3033
=========
RE	2.58389e-08
ME	0	0	0	|	0	0
ME	0.01609	0	0	|	0	0
ME	0.02599	0	4.57404e-05	|	5.48018e-05	0
ME	0.03736	0	2.46575e-05	|	3.53074e-05	0
ME	0.05044	0	2.18383e-05	|	2.69728e-05	0
ME	0.06548	0	0	|	0	0
ME	0.08276	0	0	|	0	0
ME	0.10264	0	0	|	0	0
ME	0.12549	0	0	|	0	0
ME	0.15176	0	0	|	0	0
ME	0.18197	0	0	|	0	0
ME	0.21669	0	0	|	0	0
ME	0.25662	0	0	|	0	0
ME	0.30252	0	0	|	0	0
ME	0.3553	0	0	|	0	0
ME	0.41597	0	0	|	0	0
ME	0.48573	0	0	|	0	0
ME	0.56593	0	0	|	0	0
ME	0.65814	0	0	|	0	0
ME	0.76415	0	0	|	0	0
ME	0.88604	0	0	|	0	0
ME	1.02617	0	0	|	0	0
ME	1.18728	0	0	|	0	0
ME	1.37251	0	0	|	0	0
ME	1.58546	0	0	|	0	0
ME	1.8303	0	0	|	0	0
ME	2.11179	0	0	|	0	0
ME	2.80751	0	0	|	0	0
NE	0	0.594307	0.319234
NE	0.01609	0.256563	0.182865
NE	0.02599	0.278816	0.292158
NE	0.03736	0.357173	0.583367
NE	0.05044	0.908697	0.92616
NE	0.06548	0.697875	0.3033
NE	0.08276	1.02054	0.3033
NE	0.10264	1.23543	0.3033
NE	0.12549	1.59148	0.3033
NE	0.15176	1.37406	0.3033
NE	0.18197	1.19015	0.3033
NE	0.21669	1.0329	0.3033
NE	0.25662	0.863073	0.3033
NE	0.30252	0.753854	0.3033
NE	0.3553	0.626172	0.3033
NE	0.41597	0.555926	0.3033
NE	0.48573	0.479046	0.3033
NE	0.56593	0.429731	0.3033
NE	0.65814	0.38195	0.3033
NE	0.76415	0.361248	0.3033
NE	0.88604	0.388327	0.3033
NE	1.02617	0.393912	0.3033
NE	1.18728	0.379797	0.3033
NE	1.37251	0.378677	0.3033
NE	1.58546	0.308062	0.3033
NE	1.8303	0.201336	0.3033
NE	2.11179	0.190737	0.3033
NE	2.80751	0.3033	0.3033
=========
RE	3.46961e-08
ME	0	0	0	|	0	0
ME	0.01609	0	0	|	0	0
ME	0.02599	0	6.09604e-05	|	7.77336e-05	0
ME	0.03736	0	2.86132e-05	|	4.0746e-05	0
ME	0.05044	0	2.32043e-05	|	2.95872e-05	0
ME	0.06548	0	0	|	0	0
ME	0.08276	0	0	|	0	0
ME	0.10264	0	0	|	0	0
ME	0.12549	0	0	|	0	0
ME	0.15176	0	0	|	0	0
ME	0.18197	0	0	|	0	0
ME	0.21669	0	0	|	0	0
ME	0.25662	0	0	|	0	0
ME	0.30252	0	0	|	0	0
ME	0.3553	0	0	|	0	0
ME	0.41597	0	0	|	0	0
ME	0.48573	0	0	|	0	0
ME	0.56593	0	0	|	0	0
ME	0.65814	0	0	|	0	0
ME	0.76415	0	0	|	0	0
ME	0.88604	0	0	|	0	0
ME	1.02617	0	0	|	0	0
ME	1.18728	0	0	|	0	0
ME	1.37251	0	0	|	0	0
ME	1.58546	0	0	|	0	0
ME	1.8303	0	0	|	0	0
ME	2.11179	0	0	|	0	0
ME	2.80751	0	0	|	0	0
NE	0	0.651185	0.37436
NE	0.01609	0.310395	0.227121
NE	0.02599	0.335832	0.367402
NE	0.03736	0.406671	0.669456
NE	0.05044	1.0685	1.07608
NE	0.06548	0.652287	0.3033
NE	0.08276	0.96157	0.3033
NE	0.10264	1.15083	0.3033
NE	0.12549	1.50772	0.3033
NE	0.15176	1.29697	0.3033
NE	0.18197	1.11286	0.3033
NE	0.21669	0.972708	0.3033
NE	0.25662	0.824188	0.3033
NE	0.30252	0.708325	0.3033
NE	0.3553	0.592933	0.3033
NE	0.41597	0.520478	0.3033
NE	0.48573	0.451619	0.3033
NE	0.56593	0.405	0.3033
NE	0.65814	0.368333	0.3033
NE	0.76415	0.354075	0.3033
NE	0.88604	0.376084	0.3033
NE	1.02617	0.382594	0.3033
NE	1.18728	0.388581	0.3033
NE	1.37251	0.36674	0.3033
NE	1.58546	0.303042	0.3033
NE	1.8303	0.183164	0.3033
NE	2.11179	0.153286	0.3033
NE	2.80751	0.147305	0.3033
=========
RE	4.32488e-08
ME	0	0	0	|	0	0
ME	0.01609	0	0	|	0	0
ME	0.02599	0	7.48056e-05	|	9.50714e-05	0
ME	0.03736	0	3.13538e-05	|	5.05951e-05	0
ME	0.05044	0	2.43799e-05	|	2.96221e-05	0
ME	0.06548	0	0	|	0	0
ME	0.08276	0	0	|	0	0
ME	0.10264	0	0	|	0	0
ME	0.12549	0	0	|	0	0
ME	0.15176	0	0	|	0	0
ME	0.18197	0	0	|	0	0
ME	0.21669	0	0	|	0	0
ME	0.25662	0	0	|	0	0
ME	0.30252	0	0	|	0	0
ME	0.3553	0	0	|	0	0
ME	0.41597	0	0	|	0	0
ME	0.48573	0	0	|	0	0
ME	0.56593	0	0	|	0	0
ME	0.65814	0	0	|	0	0
ME	0.76415	0	0	|	0	0
ME	0.88604	0	0	|	0	0
ME	1.02617	0	0	|	0	0
ME	1.18728	0	0	|	0	0
ME	1.37251	0	0	|	0	0
ME	1.58546	0	0	|	0	0
ME	1.8303	0	0	|	0	0
ME	2.11179	0	0	|	0	0
ME	2.80751	0	0	|	0	0
NE	0	0.657466	0.377203
NE	0.01609	0.363266	0.253724
NE	0.02599	0.393611	0.419571
NE	0.03736	0.45131	0.766402
NE	0.05044	1.21318	1.1374
NE	0.06548	0.597513	0.3033
NE	0.08276	0.880029	0.3033
NE	0.10264	1.06502	0.3033
NE	0.12549	1.41919	0.3033
NE	0.15176	1.19167	0.3033
NE	0.18197	1.02844	0.3033
NE	0.21669	0.914488	0.3033
NE	0.25662	0.767986	0.3033
NE	0.30252	0.665675	0.3033
NE	0.3553	0.56271	0.3033
NE	0.41597	0.494352	0.3033
NE	0.48573	0.432434	0.3033
NE	0.56593	0.389007	0.3033
NE	0.65814	0.355088	0.3033
NE	0.76415	0.346451	0.3033
NE	0.88604	0.380266	0.3033
NE	1.02617	0.376777	0.3033
NE	1.18728	0.370361	0.3033
NE	1.37251	0.351093	0.3033
NE	1.58546	0.277928	0.3033
NE	1.8303	0.164948	0.3033
NE	2.11179	0.155691	0.3033
NE	2.80751	0.3033	0.3033
