=========
RE	1e-08
ME	0	0	2.5e-05	|	2.5e-05	0
ME	0.01609	0	2.5e-05	|	2.5e-05	0
ME	0.02599	0	2.5e-05	|	2.5e-05	0
ME	0.03736	0	2.5e-05	|	2.5e-05	0
ME	0.05044	0	2.5e-05	|	2.5e-05	0
ME	0.06548	0	2.5e-05	|	2.5e-05	0
ME	0.08276	0	2.5e-05	|	2.5e-05	0
ME	0.10264	0	2.5e-05	|	2.5e-05	0
ME	0.12549	0	2.5e-05	|	2.5e-05	0
ME	0.15176	0	2.5e-05	|	2.5e-05	0
ME	0.18197	0	2.5e-05	|	2.5e-05	0
ME	0.21669	0	2.5e-05	|	2.5e-05	0
ME	0.25662	0	2.5e-05	|	2.5e-05	0
ME	0.30252	0	2.5e-05	|	2.5e-05	0
ME	0.3553	0	2.5e-05	|	2.5e-05	0
ME	0.41597	0	2.5e-05	|	2.5e-05	0
ME	0.48573	0	2.5e-05	|	2.5e-05	0
ME	0.56593	0	2.5e-05	|	2.5e-05	0
ME	0.65814	0	2.5e-05	|	2.5e-05	0
ME	0.76415	0	2.5e-05	|	2.5e-05	0
ME	0.88604	0	2.5e-05	|	2.5e-05	0
ME	1.02617	0	2.5e-05	|	2.5e-05	0
ME	1.18728	0	2.5e-05	|	2.5e-05	0
ME	1.37251	0	2.5e-05	|	2.5e-05	0
ME	1.58546	0	2.5e-05	|	2.5e-05	0
ME	1.8303	0	2.5e-05	|	2.5e-05	0
ME	2.11179	0	2.5e-05	|	2.5e-05	0
ME	2.80751	0	2.5e-05	|	2.5e-05	0
NE	0	0.3033	0.16222
NE	0.01609	0.12107	0.08878
NE	0.02599	0.14003	0.12348
NE	0.03736	0.18508	0.2708
NE	0.05044	0.49165	0.4555
NE	0.06548	0.82661	0.82661
NE	0.08276	1.14354	1.14354
NE	0.10264	1.34444	1.34444
NE	0.12549	1.65399	1.65399
NE	0.15176	1.45277	1.45277
NE	0.18197	1.22545	1.22545
NE	0.21669	1.07908	1.07908
NE	0.25662	0.89271	0.89271
NE	0.30252	0.77217	0.77217
NE	0.3553	0.660175	0.660175
NE	0.41597	0.60433	0.60433
NE	0.48573	0.52659	0.52659
NE	0.56593	0.486485	0.486485
NE	0.65814	0.44161	0.44161
NE	0.76415	0.428955	0.428955
NE	0.88604	0.436955	0.436955
NE	1.02617	0.444125	0.444125
NE	1.18728	0.43693	0.43693
NE	1.37251	0.42752	0.42752
NE	1.58546	0.33723	0.33723
NE	1.8303	0.258485	0.258485
NE	2.11179	0.161405	0.161405
NE	2.80751	0.99263	0.99263
=========
RE	1.54233e-08
ME	0	0	6.80092e-05	|	4.27498e-05	0
ME	0.01609	0	5.32118e-05	|	5.39131e-05	0
ME	0.02599	0	5.32537e-05	|	4.8612e-05	0
ME	0.03736	0	4.62333e-05	|	4.73844e-05	0
ME	0.05044	0	4.17315e-05	|	4.14568e-05	0
ME	0.06548	0	3.93698e-05	|	3.62917e-05	0
ME	0.08276	0	3.30955e-05	|	3.5278e-05	0
ME	0.10264	0	3.17732e-05	|	3.51626e-05	0
ME	0.12549	0	3.21627e-05	|	3.16788e-05	0
ME	0.15176	0	3.3171e-05	|	3.18758e-05	0
ME	0.18197	0	3.06773e-05	|	2.95174e-05	0
ME	0.21669	0	3.01487e-05	|	3.17729e-05	0
ME	0.25662	0	2.80932e-05	|	2.91251e-05	0
ME	0.30252	0	2.82636e-05	|	2.81023e-05	0
ME	0.3553	0	2.7154e-05	|	2.84831e-05	0
ME	0.41597	0	2.8399e-05	|	2.81977e-05	0
ME	0.48573	0	2.91218e-05	|	2.93502e-05	0
ME	0.56593	0	2.88319e-05	|	2.86553e-05	0
ME	0.65814	0	2.97461e-05	|	2.82031e-05	0
ME	0.76415	0	2.93198e-05	|	2.90482e-05	0
ME	0.88604	0	2.72817e-05	|	2.78746e-05	0
ME	1.02617	0	2.7908e-05	|	2.80501e-05	0
ME	1.18728	0	2.68678e-05	|	2.73057e-05	0
ME	1.37251	0	2.86101e-05	|	2.80453e-05	0
ME	1.58546	0	2.5844e-05	|	2.81238e-05	0
ME	1.8303	0	2.86352e-05	|	2.88449e-05	0
ME	2.11179	0	3.00527e-05	|	3.26789e-05	0
ME	2.80751	0	2.67097e-05	|	2.90079e-05	0
NE	0	0.406395	0.21039
NE	0.01609	0.169148	0.127179
NE	0.02599	0.190071	0.168168
NE	0.03736	0.230933	0.355239
NE	0.05044	0.574558	0.575349
NE	0.06548	0.943197	0.845923
NE	0.08276	1.22354	1.15855
NE	0.10264	1.25263	1.22546
NE	0.12549	1.63501	1.61384
NE	0.15176	1.27638	1.36044
NE	0.18197	1.15576	1.14557
NE	0.21669	1.04526	1.00919
NE	0.25662	0.854259	0.830768
NE	0.30252	0.732365	0.693985
NE	0.3553	0.599496	0.597916
NE	0.41597	0.56615	0.535608
NE	0.48573	0.476844	0.462604
NE	0.56593	0.429141	0.400208
NE	0.65814	0.383596	0.37585
NE	0.76415	0.359533	0.371051
NE	0.88604	0.357155	0.357252
NE	1.02617	0.35472	0.385218
NE	1.18728	0.366586	0.350213
NE	1.37251	0.359826	0.378883
NE	1.58546	0.305503	0.302745
NE	1.8303	0.232676	0.23471
NE	2.11179	0.144066	0.14786
NE	2.80751	0.840218	0.947195
=========
RE	2.1756e-08
ME	0	0	0.000129457	|	6.44343e-05	0
ME	0.01609	0	8.6623e-05	|	7.80104e-05	0
ME	0.02599	0	8.21105e-05	|	7.65141e-05	0
ME	0.03736	0	7.334e-05	|	6.99106e-05	0
ME	0.05044	0	4.86686e-05	|	5.63086e-05	0
ME	0.06548	0	5.13492e-05	|	4.35515e-05	0
ME	0.08276	0	4.38564e-05	|	4.18137e-05	0
ME	0.10264	0	3.91663e-05	|	4.0008e-05	0
ME	0.12549	0	3.65635e-05	|	3.66478e-05	0
ME	0.15176	0	3.7554e-05	|	3.36558e-05	0
ME	0.18197	0	3.55437e-05	|	3.19174e-05	0
ME	0.21669	0	3.31803e-05	|	3.30496e-05	0
ME	0.25662	0	3.08526e-05	|	3.14031e-05	0
ME	0.30252	0	2.97271e-05	|	2.97344e-05	0
ME	0.3553	0	3.00607e-05	|	2.93294e-05	0
ME	0.41597	0	3.19613e-05	|	3.03581e-05	0
ME	0.48573	0	3.16165e-05	|	3.22197e-05	0
ME	0.56593	0	3.11511e-05	|	3.28965e-05	0
ME	0.65814	0	3.33587e-05	|	3.0915e-05	0
ME	0.76415	0	3.1497e-05	|	3.36033e-05	0
ME	0.88604	0	3.11208e-05	|	3.11538e-05	0
ME	1.02617	0	3.07093e-05	|	3.22046e-05	0
ME	1.18728	0	3.07541e-05	|	3.06885e-05	0
ME	1.37251	0	3.25342e-05	|	3.14371e-05	0
ME	1.58546	0	2.86706e-05	|	2.9038e-05	0
ME	1.8303	0	3.28117e-05	|	3.19761e-05	0
ME	2.11179	0	3.53524e-05	|	3.57389e-05	0
ME	2.80751	0	2.66748e-05	|	3.06751e-05	0
NE	0	0.452414	0.270629
NE	0.01609	0.202508	0.154457
NE	0.02599	0.23605	0.213376
NE	0.03736	0.263779	0.397135
NE	0.05044	0.562304	0.627702
NE	0.06548	0.966374	0.862999
NE	0.08276	1.16785	1.08385
NE	0.10264	1.1639	1.09648
NE	0.12549	1.42143	1.4491
NE	0.15176	1.16922	1.24396
NE	0.18197	1.07134	1.03721
NE	0.21669	0.980312	0.906487
NE	0.25662	0.77305	0.751816
NE	0.30252	0.658758	0.624744
NE	0.3553	0.530809	0.528398
NE	0.41597	0.501364	0.47782
NE	0.48573	0.431573	0.412085
NE	0.56593	0.386535	0.348216
NE	0.65814	0.337118	0.322069
NE	0.76415	0.312927	0.31941
NE	0.88604	0.313052	0.315408
NE	1.02617	0.298509	0.339594
NE	1.18728	0.322192	0.3103
NE	1.37251	0.314054	0.331471
NE	1.58546	0.282026	0.279428
NE	1.8303	0.209802	0.211801
NE	2.11179	0.134415	0.135637
NE	2.80751	0.714141	0.744722
=========
RE	2.86391e-08
ME	0	0	0.000194696	|	8.67958e-05	0
ME	0.01609	0	0.000132967	|	9.36453e-05	0
ME	0.02599	0	0.000116104	|	9.50139e-05	0
ME	0.03736	0	0.000101346	|	7.67756e-05	0
ME	0.05044	0	6.391e-05	|	6.69492e-05	0
ME	0.06548	0	6.2531e-05	|	4.80811e-05	0
ME	0.08276	0	5.11799e-05	|	4.7314e-05	0
ME	0.10264	0	4.62289e-05	|	4.16977e-05	0
ME	0.12549	0	4.04268e-05	|	3.85887e-05	0
ME	0.15176	0	4.21909e-05	|	3.45375e-05	0
ME	0.18197	0	3.97499e-05	|	3.25622e-05	0
ME	0.21669	0	3.59255e-05	|	3.33424e-05	0
ME	0.25662	0	3.42369e-05	|	3.1622e-05	0
ME	0.30252	0	3.28537e-05	|	3.1437e-05	0
ME	0.3553	0	3.17423e-05	|	3.07432e-05	0
ME	0.41597	0	3.50563e-05	|	3.32486e-05	0
ME	0.48573	0	3.38953e-05	|	3.50425e-05	0
ME	0.56593	0	3.36012e-05	|	3.63049e-05	0
ME	0.65814	0	3.67457e-05	|	3.62532e-05	0
ME	0.76415	0	3.41482e-05	|	3.81369e-05	0
ME	0.88604	0	3.25724e-05	|	3.57267e-05	0
ME	1.02617	0	3.30881e-05	|	3.64682e-05	0
ME	1.18728	0	3.4409e-05	|	3.43704e-05	0
ME	1.37251	0	3.53996e-05	|	3.53008e-05	0
ME	1.58546	0	3.18855e-05	|	3.07193e-05	0
ME	1.8303	0	3.46605e-05	|	3.61908e-05	0
ME	2.11179	0	3.83487e-05	|	3.80579e-05	0
ME	2.80751	0	2.89005e-05	|	2.82627e-05	0
NE	0	0.44857	0.319211
NE	0.01609	0.227258	0.174424
NE	0.02599	0.271487	0.234483
NE	0.03736	0.293363	0.4025
NE	0.05044	0.594298	0.641078
NE	0.06548	0.914403	0.825851
NE	0.08276	1.12783	1.05435
NE	0.10264	1.08747	0.999783
NE	0.12549	1.29252	1.30455
NE	0.15176	1.00878	1.1551
NE	0.18197	0.970002	0.922261
NE	0.21669	0.87932	0.815007
NE	0.25662	0.698016	0.678943
NE	0.30252	0.591572	0.555514
NE	0.3553	0.477929	0.467396
NE	0.41597	0.441205	0.424562
NE	0.48573	0.384277	0.365265
NE	0.56593	0.34174	0.308843
NE	0.65814	0.297276	0.284179
NE	0.76415	0.277753	0.275852
NE	0.88604	0.275221	0.276049
NE	1.02617	0.266091	0.297825
NE	1.18728	0.290545	0.277302
NE	1.37251	0.291311	0.310429
NE	1.58546	0.258582	0.255925
NE	1.8303	0.202407	0.191319
NE	2.11179	0.123269	0.12412
NE	2.80751	0.627517	0.65954
=========
RE	3.55773e-08
ME	0	0	0.000243974	|	0.000108397	0
ME	0.01609	0	0.000186362	|	0.00011439	0
ME	0.02599	0	0.000172783	|	0.000104732	0
ME	0.03736	0	0.000128266	|	9.03633e-05	0
ME	0.05044	0	8.24419e-05	|	6.78324e-05	0
ME	0.06548	0	8.41751e-05	|	4.80458e-05	0
ME	0.08276	0	6.30755e-05	|	4.62652e-05	0
ME	0.10264	0	5.39824e-05	|	3.8985e-05	0
ME	0.12549	0	4.67675e-05	|	3.74515e-05	0
ME	0.15176	0	4.70269e-05	|	3.33389e-05	0
ME	0.18197	0	4.23413e-05	|	3.13969e-05	0
ME	0.21669	0	4.06041e-05	|	3.36811e-05	0
ME	0.25662	0	3.85371e-05	|	3.0805e-05	0
ME	0.30252	0	3.48721e-05	|	3.04466e-05	0
ME	0.3553	0	3.47084e-05	|	3.20543e-05	0
ME	0.41597	0	3.82151e-05	|	3.48328e-05	0
ME	0.48573	0	3.79008e-05	|	3.78374e-05	0
ME	0.56593	0	3.6624e-05	|	4.08741e-05	0
ME	0.65814	0	4.05379e-05	|	4.25222e-05	0
ME	0.76415	0	3.7519e-05	|	4.16192e-05	0
ME	0.88604	0	3.57803e-05	|	3.99391e-05	0
ME	1.02617	0	3.50762e-05	|	3.98546e-05	0
ME	1.18728	0	3.69121e-05	|	3.63322e-05	0
ME	1.37251	0	3.76841e-05	|	3.67831e-05	0
ME	1.58546	0	3.4547e-05	|	3.16358e-05	0
ME	1.8303	0	3.63193e-05	|	3.78932e-05	0
ME	2.11179	0	4.13871e-05	|	4.18326e-05	0
ME	2.80751	0	3.08408e-05	|	2.89876e-05	0
NE	0	0.470162	0.339085
NE	0.01609	0.247225	0.192172
NE	0.02599	0.267601	0.253841
NE	0.03736	0.302184	0.392137
NE	0.05044	0.579897	0.603047
NE	0.06548	0.846253	0.776554
NE	0.08276	1.06438	0.969785
NE	0.10264	1.00744	0.894949
NE	0.12549	1.17537	1.14091
NE	0.15176	0.901715	1.04274
NE	0.18197	0.87306	0.828744
NE	0.21669	0.808612	0.730778
NE	0.25662	0.631817	0.600463
NE	0.30252	0.542926	0.498841
NE	0.3553	0.429991	0.419821
NE	0.41597	0.402743	0.37678
NE	0.48573	0.347083	0.330548
NE	0.56593	0.302639	0.277074
NE	0.65814	0.268699	0.250446
NE	0.76415	0.252923	0.253289
NE	0.88604	0.256734	0.247282
NE	1.02617	0.243666	0.277644
NE	1.18728	0.272135	0.256415
NE	1.37251	0.264214	0.283875
NE	1.58546	0.240823	0.246798
NE	1.8303	0.204012	0.18295
NE	2.11179	0.118259	0.115132
NE	2.80751	0.461065	0.576045
