=========
RE	1e-08
ME	0	0	2.5e-05	|	2.5e-05	0
ME	0.01609	0	2.5e-05	|	2.5e-05	0
ME	0.02599	0	2.5e-05	|	2.5e-05	0
ME	0.03736	0	2.5e-05	|	2.5e-05	0
ME	0.05044	0	2.5e-05	|	2.5e-05	0
ME	0.06548	0	2.5e-05	|	2.5e-05	0
ME	0.08276	0	2.5e-05	|	2.5e-05	0
ME	0.10264	0	2.5e-05	|	2.5e-05	0
ME	0.12549	0	2.5e-05	|	2.5e-05	0
ME	0.15176	0	2.5e-05	|	2.5e-05	0
ME	0.18197	0	2.5e-05	|	2.5e-05	0
ME	0.21669	0	2.5e-05	|	2.5e-05	0
ME	0.25662	0	2.5e-05	|	2.5e-05	0
ME	0.30252	0	2.5e-05	|	2.5e-05	0
ME	0.3553	0	2.5e-05	|	2.5e-05	0
ME	0.41597	0	2.5e-05	|	2.5e-05	0
ME	0.48573	0	2.5e-05	|	2.5e-05	0
ME	0.56593	0	2.5e-05	|	2.5e-05	0
ME	0.65814	0	2.5e-05	|	2.5e-05	0
ME	0.76415	0	2.5e-05	|	2.5e-05	0
ME	0.88604	0	2.5e-05	|	2.5e-05	0
ME	1.02617	0	2.5e-05	|	2.5e-05	0
ME	1.18728	0	2.5e-05	|	2.5e-05	0
ME	1.37251	0	2.5e-05	|	2.5e-05	0
ME	1.58546	0	2.5e-05	|	2.5e-05	0
ME	1.8303	0	2.5e-05	|	2.5e-05	0
ME	2.11179	0	2.5e-05	|	2.5e-05	0
ME	2.80751	0	2.5e-05	|	2.5e-05	0
NE	0	0.3033	0.16222
NE	0.01609	0.12107	0.08878
NE	0.02599	0.14003	0.12348
NE	0.03736	0.18508	0.2708
NE	0.05044	0.49165	0.4555
NE	0.06548	0.82661	0.82661
NE	0.08276	1.14354	1.14354
NE	0.10264	1.34444	1.34444
NE	0.12549	1.65399	1.65399
NE	0.15176	1.45277	1.45277
NE	0.18197	1.22545	1.22545
NE	0.21669	1.07908	1.07908
NE	0.25662	0.89271	0.89271
NE	0.30252	0.77217	0.77217
NE	0.3553	0.660175	0.660175
NE	0.41597	0.60433	0.60433
NE	0.48573	0.52659	0.52659
NE	0.56593	0.486485	0.486485
NE	0.65814	0.44161	0.44161
NE	0.76415	0.428955	0.428955
NE	0.88604	0.436955	0.436955
NE	1.02617	0.444125	0.444125
NE	1.18728	0.43693	0.43693
NE	1.37251	0.42752	0.42752
NE	1.58546	0.33723	0.33723
NE	1.8303	0.258485	0.258485
NE	2.11179	0.161405	0.161405
NE	2.80751	0.99263	0.99263
=========
RE	1.5531e-08
ME	0	0	7.75713e-05	|	6.68783e-05	0
ME	0.01609	0	5.81128e-05	|	4.75572e-05	0
ME	0.02599	0	5.90045e-05	|	5.59125e-05	0
ME	0.03736	0	3.7072e-05	|	4.52455e-05	0
ME	0.05044	0	4.0548e-05	|	3.58145e-05	0
ME	0.06548	0	3.60678e-05	|	3.68372e-05	0
ME	0.08276	0	3.27721e-05	|	3.78626e-05	0
ME	0.10264	0	3.19272e-05	|	3.43529e-05	0
ME	0.12549	0	3.3242e-05	|	3.24621e-05	0
ME	0.15176	0	2.97791e-05	|	3.07448e-05	0
ME	0.18197	0	3.34306e-05	|	3.06521e-05	0
ME	0.21669	0	2.96952e-05	|	2.77079e-05	0
ME	0.25662	0	2.84549e-05	|	3.04598e-05	0
ME	0.30252	0	2.64758e-05	|	2.65925e-05	0
ME	0.3553	0	2.77242e-05	|	2.83437e-05	0
ME	0.41597	0	2.81568e-05	|	2.83511e-05	0
ME	0.48573	0	2.74321e-05	|	2.76112e-05	0
ME	0.56593	0	2.89565e-05	|	2.93531e-05	0
ME	0.65814	0	2.84146e-05	|	2.83891e-05	0
ME	0.76415	0	2.84758e-05	|	2.73541e-05	0
ME	0.88604	0	2.92356e-05	|	2.79324e-05	0
ME	1.02617	0	2.92622e-05	|	2.82324e-05	0
ME	1.18728	0	2.79164e-05	|	2.77822e-05	0
ME	1.37251	0	2.83072e-05	|	2.75266e-05	0
ME	1.58546	0	2.90953e-05	|	2.90196e-05	0
ME	1.8303	0	2.81643e-05	|	2.84658e-05	0
ME	2.11179	0	3.18634e-05	|	3.25328e-05	0
ME	2.80751	0	2.77831e-05	|	2.31852e-05	0
NE	0	0.386417	0.23015
NE	0.01609	0.154731	0.124622
NE	0.02599	0.195054	0.169664
NE	0.03736	0.237797	0.34014
NE	0.05044	0.583313	0.544507
NE	0.06548	0.84364	0.959288
NE	0.08276	1.14249	1.18194
NE	0.10264	1.33979	1.31335
NE	0.12549	1.58048	1.53851
NE	0.15176	1.34218	1.38214
NE	0.18197	1.14847	1.1459
NE	0.21669	0.997217	1.00679
NE	0.25662	0.82797	0.820189
NE	0.30252	0.701266	0.695287
NE	0.3553	0.599504	0.606081
NE	0.41597	0.559065	0.555701
NE	0.48573	0.469682	0.461781
NE	0.56593	0.438001	0.432078
NE	0.65814	0.378757	0.378432
NE	0.76415	0.359698	0.358228
NE	0.88604	0.368974	0.375813
NE	1.02617	0.369924	0.372176
NE	1.18728	0.371694	0.367249
NE	1.37251	0.349065	0.362342
NE	1.58546	0.281201	0.305814
NE	1.8303	0.231435	0.224296
NE	2.11179	0.14004	0.143364
NE	2.80751	0.741856	0.871638
=========
RE	2.18541e-08
ME	0	0	0.000118027	|	0.000111012	0
ME	0.01609	0	9.16817e-05	|	7.55798e-05	0
ME	0.02599	0	9.51366e-05	|	8.43532e-05	0
ME	0.03736	0	5.34888e-05	|	6.90831e-05	0
ME	0.05044	0	4.94165e-05	|	4.98807e-05	0
ME	0.06548	0	4.52459e-05	|	4.8194e-05	0
ME	0.08276	0	4.14788e-05	|	4.54764e-05	0
ME	0.10264	0	3.65628e-05	|	3.91691e-05	0
ME	0.12549	0	3.83144e-05	|	3.88288e-05	0
ME	0.15176	0	3.42058e-05	|	3.42525e-05	0
ME	0.18197	0	3.7291e-05	|	3.45971e-05	0
ME	0.21669	0	3.31659e-05	|	2.87494e-05	0
ME	0.25662	0	3.13783e-05	|	3.23221e-05	0
ME	0.30252	0	2.78678e-05	|	3.0071e-05	0
ME	0.3553	0	2.9461e-05	|	3.17737e-05	0
ME	0.41597	0	2.98537e-05	|	2.99711e-05	0
ME	0.48573	0	2.97612e-05	|	3.0178e-05	0
ME	0.56593	0	3.17208e-05	|	3.3317e-05	0
ME	0.65814	0	3.18981e-05	|	3.18894e-05	0
ME	0.76415	0	3.17051e-05	|	3.13612e-05	0
ME	0.88604	0	3.31962e-05	|	3.03153e-05	0
ME	1.02617	0	3.26651e-05	|	3.05734e-05	0
ME	1.18728	0	3.09943e-05	|	3.17625e-05	0
ME	1.37251	0	2.98861e-05	|	2.88312e-05	0
ME	1.58546	0	3.07525e-05	|	3.09619e-05	0
ME	1.8303	0	3.01031e-05	|	3.17235e-05	0
ME	2.11179	0	3.78993e-05	|	3.70638e-05	0
ME	2.80751	0	2.83679e-05	|	2.53745e-05	0
NE	0	0.448598	0.27994
NE	0.01609	0.185102	0.160936
NE	0.02599	0.232562	0.215502
NE	0.03736	0.266728	0.382961
NE	0.05044	0.611644	0.547372
NE	0.06548	0.887489	1.01591
NE	0.08276	1.05105	1.13006
NE	0.10264	1.2649	1.25248
NE	0.12549	1.47286	1.38365
NE	0.15176	1.21837	1.29841
NE	0.18197	1.06063	1.05241
NE	0.21669	0.908808	0.911919
NE	0.25662	0.74954	0.750813
NE	0.30252	0.632163	0.620818
NE	0.3553	0.53847	0.539089
NE	0.41597	0.501242	0.500174
NE	0.48573	0.418488	0.411059
NE	0.56593	0.383933	0.38239
NE	0.65814	0.325531	0.32084
NE	0.76415	0.315964	0.307561
NE	0.88604	0.323308	0.321187
NE	1.02617	0.338448	0.323407
NE	1.18728	0.336534	0.332788
NE	1.37251	0.297839	0.334483
NE	1.58546	0.251784	0.279801
NE	1.8303	0.2087	0.20027
NE	2.11179	0.128163	0.137705
NE	2.80751	0.586789	0.667154
=========
RE	2.85934e-08
ME	0	0	0.000179859	|	0.000152198	0
ME	0.01609	0	0.000137477	|	0.000104241	0
ME	0.02599	0	0.000125876	|	0.000107229	0
ME	0.03736	0	7.02641e-05	|	8.4323e-05	0
ME	0.05044	0	5.6299e-05	|	6.28283e-05	0
ME	0.06548	0	5.58436e-05	|	5.69598e-05	0
ME	0.08276	0	4.46991e-05	|	5.24278e-05	0
ME	0.10264	0	4.16896e-05	|	4.29586e-05	0
ME	0.12549	0	3.86793e-05	|	4.2488e-05	0
ME	0.15176	0	3.72987e-05	|	3.49889e-05	0
ME	0.18197	0	3.83467e-05	|	3.67023e-05	0
ME	0.21669	0	3.45574e-05	|	3.10769e-05	0
ME	0.25662	0	3.23149e-05	|	3.46978e-05	0
ME	0.30252	0	2.96278e-05	|	3.13346e-05	0
ME	0.3553	0	3.1129e-05	|	3.44882e-05	0
ME	0.41597	0	3.27297e-05	|	3.16933e-05	0
ME	0.48573	0	3.31852e-05	|	3.32191e-05	0
ME	0.56593	0	3.50395e-05	|	3.75117e-05	0
ME	0.65814	0	3.53652e-05	|	3.49608e-05	0
ME	0.76415	0	3.55592e-05	|	3.44473e-05	0
ME	0.88604	0	3.5117e-05	|	3.32866e-05	0
ME	1.02617	0	3.64575e-05	|	3.43682e-05	0
ME	1.18728	0	3.34662e-05	|	3.5208e-05	0
ME	1.37251	0	3.3586e-05	|	3.35976e-05	0
ME	1.58546	0	3.09025e-05	|	3.39752e-05	0
ME	1.8303	0	3.31322e-05	|	3.50143e-05	0
ME	2.11179	0	4.13315e-05	|	4.21863e-05	0
ME	2.80751	0	3.28599e-05	|	2.51789e-05	0
NE	0	0.501588	0.329502
NE	0.01609	0.209369	0.184401
NE	0.02599	0.274473	0.233624
NE	0.03736	0.280302	0.37763
NE	0.05044	0.610485	0.535678
NE	0.06548	0.859986	0.992646
NE	0.08276	1.01451	1.0216
NE	0.10264	1.19563	1.11541
NE	0.12549	1.31608	1.25385
NE	0.15176	1.09282	1.18654
NE	0.18197	0.967689	0.959468
NE	0.21669	0.807889	0.815729
NE	0.25662	0.689509	0.686471
NE	0.30252	0.575165	0.546395
NE	0.3553	0.474575	0.488307
NE	0.41597	0.446037	0.443451
NE	0.48573	0.364744	0.357479
NE	0.56593	0.346353	0.339686
NE	0.65814	0.281936	0.283096
NE	0.76415	0.280211	0.271132
NE	0.88604	0.293062	0.292496
NE	1.02617	0.305212	0.280648
NE	1.18728	0.293125	0.296799
NE	1.37251	0.272191	0.303853
NE	1.58546	0.236632	0.259072
NE	1.8303	0.202854	0.183028
NE	2.11179	0.123958	0.133141
NE	2.80751	0.470432	0.539867
=========
RE	3.53829e-08
ME	0	0	0.000231428	|	0.000197305	0
ME	0.01609	0	0.000173137	|	0.000124188	0
ME	0.02599	0	0.000146572	|	0.000123126	0
ME	0.03736	0	8.82509e-05	|	9.45746e-05	0
ME	0.05044	0	6.3887e-05	|	6.78795e-05	0
ME	0.06548	0	6.20321e-05	|	6.29353e-05	0
ME	0.08276	0	4.978e-05	|	5.95453e-05	0
ME	0.10264	0	4.39048e-05	|	4.68338e-05	0
ME	0.12549	0	4.04094e-05	|	4.39198e-05	0
ME	0.15176	0	3.91223e-05	|	3.57473e-05	0
ME	0.18197	0	4.0203e-05	|	3.94592e-05	0
ME	0.21669	0	3.58696e-05	|	3.24127e-05	0
ME	0.25662	0	3.30674e-05	|	3.56723e-05	0
ME	0.30252	0	3.11572e-05	|	3.28662e-05	0
ME	0.3553	0	3.27085e-05	|	3.70759e-05	0
ME	0.41597	0	3.54259e-05	|	3.49494e-05	0
ME	0.48573	0	3.59798e-05	|	3.64158e-05	0
ME	0.56593	0	3.85577e-05	|	3.96942e-05	0
ME	0.65814	0	3.83123e-05	|	3.83982e-05	0
ME	0.76415	0	4.05678e-05	|	3.82673e-05	0
ME	0.88604	0	3.78456e-05	|	3.85882e-05	0
ME	1.02617	0	4.0101e-05	|	3.7054e-05	0
ME	1.18728	0	3.61209e-05	|	3.75446e-05	0
ME	1.37251	0	3.43066e-05	|	3.68451e-05	0
ME	1.58546	0	3.33479e-05	|	3.63673e-05	0
ME	1.8303	0	3.56797e-05	|	3.79615e-05	0
ME	2.11179	0	4.54283e-05	|	4.7343e-05	0
ME	2.80751	0	3.11445e-05	|	2.68069e-05	0
NE	0	0.511332	0.348167
NE	0.01609	0.22636	0.194385
NE	0.02599	0.301341	0.252955
NE	0.03736	0.284958	0.377524
NE	0.05044	0.580722	0.495438
NE	0.06548	0.841016	0.90292
NE	0.08276	0.94992	0.957498
NE	0.10264	1.12318	1.00106
NE	0.12549	1.21842	1.13586
NE	0.15176	0.953936	1.12172
NE	0.18197	0.86847	0.872159
NE	0.21669	0.714679	0.735265
NE	0.25662	0.614205	0.622847
NE	0.30252	0.518969	0.473406
NE	0.3553	0.428061	0.439344
NE	0.41597	0.402926	0.402148
NE	0.48573	0.324094	0.320289
NE	0.56593	0.314977	0.305008
NE	0.65814	0.253581	0.25747
NE	0.76415	0.252229	0.24203
NE	0.88604	0.268218	0.2614
NE	1.02617	0.272274	0.263899
NE	1.18728	0.269051	0.271879
NE	1.37251	0.246557	0.28069
NE	1.58546	0.226891	0.243487
NE	1.8303	0.192346	0.171308
NE	2.11179	0.115791	0.117926
NE	2.80751	0.425056	0.455141
