=========
RE	1e-08
ME	0	0	0	|	0	0
ME	0.01609	0	0	|	0	0
ME	0.02599	0	2.5e-05	|	2.5e-05	0
ME	0.03736	0	2.5e-05	|	2.5e-05	0
ME	0.05044	0	2.5e-05	|	2.5e-05	0
ME	0.06548	0	0	|	2.5e-05	0
ME	0.08276	0	0	|	2.5e-05	0
ME	0.10264	0	0	|	2.5e-05	0
ME	0.12549	0	0	|	2.5e-05	0
ME	0.15176	0	0	|	2.5e-05	0
ME	0.18197	0	0	|	2.5e-05	0
ME	0.21669	0	0	|	2.5e-05	0
ME	0.25662	0	0	|	2.5e-05	0
ME	0.30252	0	0	|	2.5e-05	0
ME	0.3553	0	0	|	2.5e-05	0
ME	0.41597	0	0	|	2.5e-05	0
ME	0.48573	0	0	|	2.5e-05	0
ME	0.56593	0	0	|	2.5e-05	0
ME	0.65814	0	0	|	2.5e-05	0
ME	0.76415	0	0	|	2.5e-05	0
ME	0.88604	0	0	|	2.5e-05	0
ME	1.02617	0	0	|	2.5e-05	0
ME	1.18728	0	0	|	2.5e-05	0
ME	1.37251	0	0	|	2.5e-05	0
ME	1.58546	0	0	|	2.5e-05	0
ME	1.8303	0	0	|	2.5e-05	0
ME	2.11179	0	0	|	2.5e-05	0
ME	2.80751	0	0	|	2.5e-05	0
NE	0	0	0.16222
NE	0.01609	0.12107	0.08878
NE	0.02599	0.14003	0.12348
NE	0.03736	0.18508	0.2708
NE	0.05044	0.49165	0.4555
NE	0.06548	0.82661	0.82661
NE	0.08276	1.14354	1.14354
NE	0.10264	1.34444	1.34444
NE	0.12549	1.65399	1.65399
NE	0.15176	1.45277	1.45277
NE	0.18197	1.22545	1.22545
NE	0.21669	1.07908	1.07908
NE	0.25662	0.89271	0.89271
NE	0.30252	0.77217	0.77217
NE	0.3553	0.660175	0.660175
NE	0.41597	0.60433	0.60433
NE	0.48573	0.52659	0.52659
NE	0.56593	0.486485	0.486485
NE	0.65814	0.44161	0.44161
NE	0.76415	0.428955	0.428955
NE	0.88604	0.436955	0.436955
NE	1.02617	0.444125	0.444125
NE	1.18728	0.43693	0.43693
NE	1.37251	0.42752	0.42752
NE	1.58546	0.33723	0.33723
NE	1.8303	0.258485	0.258485
NE	2.11179	0.161405	0.161405
NE	2.80751	0.99263	0.99263
=========
RE	1.71615e-08
ME	0	0	0	|	0	0
ME	0.01609	0	0	|	0	0
ME	0.02599	0	3.81906e-05	|	4.11192e-05	0
ME	0.03736	0	3.21457e-05	|	2.64453e-05	0
ME	0.05044	0	2.48499e-05	|	2.5993e-05	0
ME	0.06548	0	0	|	0	0
ME	0.08276	0	0	|	0	0
ME	0.10264	0	0	|	0	0
ME	0.12549	0	0	|	0	0
ME	0.15176	0	0	|	0	0
ME	0.18197	0	0	|	0	0
ME	0.21669	0	0	|	0	0
ME	0.25662	0	0	|	0	0
ME	0.30252	0	0	|	0	0
ME	0.3553	0	0	|	0	0
ME	0.41597	0	0	|	0	0
ME	0.48573	0	0	|	0	0
ME	0.56593	0	0	|	0	0
ME	0.65814	0	0	|	0	0
ME	0.76415	0	0	|	0	0
ME	0.88604	0	0	|	0	0
ME	1.02617	0	0	|	0	0
ME	1.18728	0	0	|	0	0
ME	1.37251	0	0	|	0	0
ME	1.58546	0	0	|	0	0
ME	1.8303	0	0	|	0	0
ME	2.11179	0	0	|	0	0
ME	2.80751	0	0	|	0	0
NE	0	0.379446	0.227013
NE	0.01609	0.188201	0.141736
NE	0.02599	0.217577	0.196632
NE	0.03736	0.292219	0.421943
NE	0.05044	0.720798	0.644249
NE	0.06548	0.748857	0
NE	0.08276	1.09722	0
NE	0.10264	1.35609	0
NE	0.12549	1.66603	0
NE	0.15176	1.39456	0
NE	0.18197	1.1949	0
NE	0.21669	1.06343	0
NE	0.25662	0.891162	0
NE	0.30252	0.775339	0
NE	0.3553	0.65467	0
NE	0.41597	0.583866	0
NE	0.48573	0.497834	0
NE	0.56593	0.455807	0
NE	0.65814	0.407277	0
NE	0.76415	0.401677	0
NE	0.88604	0.403969	0
NE	1.02617	0.415063	0
NE	1.18728	0.431855	0
NE	1.37251	0.410918	0
NE	1.58546	0.333403	0
NE	1.8303	0.27885	0
NE	2.11179	0.247802	0
NE	2.80751	0	0
=========
RE	2.56872e-08
ME	0	0	0	|	0	0
ME	0.01609	0	0	|	0	0
ME	0.02599	0	4.6691e-05	|	6.04148e-05	0
ME	0.03736	0	3.80511e-05	|	3.21173e-05	0
ME	0.05044	0	2.60992e-05	|	2.45823e-05	0
ME	0.06548	0	0	|	0	0
ME	0.08276	0	0	|	0	0
ME	0.10264	0	0	|	0	0
ME	0.12549	0	0	|	0	0
ME	0.15176	0	0	|	0	0
ME	0.18197	0	0	|	0	0
ME	0.21669	0	0	|	0	0
ME	0.25662	0	0	|	0	0
ME	0.30252	0	0	|	0	0
ME	0.3553	0	0	|	0	0
ME	0.41597	0	0	|	0	0
ME	0.48573	0	0	|	0	0
ME	0.56593	0	0	|	0	0
ME	0.65814	0	0	|	0	0
ME	0.76415	0	0	|	0	0
ME	0.88604	0	0	|	0	0
ME	1.02617	0	0	|	0	0
ME	1.18728	0	0	|	0	0
ME	1.37251	0	0	|	0	0
ME	1.58546	0	0	|	0	0
ME	1.8303	0	0	|	0	0
ME	2.11179	0	0	|	0	0
ME	2.80751	0	0	|	0	0
NE	0	0.447664	0.288824
NE	0.01609	0.252198	0.196134
NE	0.02599	0.297449	0.269572
NE	0.03736	0.409236	0.597879
NE	0.05044	0.917704	0.840189
NE	0.06548	0.684244	0
NE	0.08276	1.01879	0
NE	0.10264	1.298	0
NE	0.12549	1.61595	0
NE	0.15176	1.32605	0
NE	0.18197	1.15123	0
NE	0.21669	1.03286	0
NE	0.25662	0.858363	0
NE	0.30252	0.752414	0
NE	0.3553	0.627906	0
NE	0.41597	0.550321	0
NE	0.48573	0.468658	0
NE	0.56593	0.42347	0
NE	0.65814	0.382939	0
NE	0.76415	0.375952	0
NE	0.88604	0.385317	0
NE	1.02617	0.40698	0
NE	1.18728	0.400957	0
NE	1.37251	0.397948	0
NE	1.58546	0.352123	0
NE	1.8303	0.242711	0
NE	2.11179	0.250683	0
NE	2.80751	0.174562	0
=========
RE	3.47284e-08
ME	0	0	0	|	0	0
ME	0.01609	0	0	|	0	0
ME	0.02599	0	5.72414e-05	|	7.99853e-05	0
ME	0.03736	0	3.93914e-05	|	3.79742e-05	0
ME	0.05044	0	2.7664e-05	|	2.19238e-05	0
ME	0.06548	0	0	|	0	0
ME	0.08276	0	0	|	0	0
ME	0.10264	0	0	|	0	0
ME	0.12549	0	0	|	0	0
ME	0.15176	0	0	|	0	0
ME	0.18197	0	0	|	0	0
ME	0.21669	0	0	|	0	0
ME	0.25662	0	0	|	0	0
ME	0.30252	0	0	|	0	0
ME	0.3553	0	0	|	0	0
ME	0.41597	0	0	|	0	0
ME	0.48573	0	0	|	0	0
ME	0.56593	0	0	|	0	0
ME	0.65814	0	0	|	0	0
ME	0.76415	0	0	|	0	0
ME	0.88604	0	0	|	0	0
ME	1.02617	0	0	|	0	0
ME	1.18728	0	0	|	0	0
ME	1.37251	0	0	|	0	0
ME	1.58546	0	0	|	0	0
ME	1.8303	0	0	|	0	0
ME	2.11179	0	0	|	0	0
ME	2.80751	0	0	|	0	0
NE	0	0.551285	0.339273
NE	0.01609	0.315381	0.248866
NE	0.02599	0.363254	0.326983
NE	0.03736	0.485127	0.700834
NE	0.05044	1.13073	1.03295
NE	0.06548	0.634653	0
NE	0.08276	0.963345	0
NE	0.10264	1.22269	0
NE	0.12549	1.52495	0
NE	0.15176	1.25978	0
NE	0.18197	1.09036	0
NE	0.21669	0.964809	0
NE	0.25662	0.809755	0
NE	0.30252	0.708	0
NE	0.3553	0.592106	0
NE	0.41597	0.517386	0
NE	0.48573	0.448062	0
NE	0.56593	0.400204	0
NE	0.65814	0.361686	0
NE	0.76415	0.366283	0
NE	0.88604	0.372965	0
NE	1.02617	0.400114	0
NE	1.18728	0.370574	0
NE	1.37251	0.38204	0
NE	1.58546	0.319723	0
NE	1.8303	0.239787	0
NE	2.11179	0.243809	0
NE	2.80751	0.416314	0
=========
RE	4.33053e-08
ME	0	0	0	|	0	0
ME	0.01609	0	0	|	0	0
ME	0.02599	0	7.24926e-05	|	9.64197e-05	0
ME	0.03736	0	4.29475e-05	|	4.61315e-05	0
ME	0.05044	0	2.72441e-05	|	2.57523e-05	0
ME	0.06548	0	0	|	0	0
ME	0.08276	0	0	|	0	0
ME	0.10264	0	0	|	0	0
ME	0.12549	0	0	|	0	0
ME	0.15176	0	0	|	0	0
ME	0.18197	0	0	|	0	0
ME	0.21669	0	0	|	0	0
ME	0.25662	0	0	|	0	0
ME	0.30252	0	0	|	0	0
ME	0.3553	0	0	|	0	0
ME	0.41597	0	0	|	0	0
ME	0.48573	0	0	|	0	0
ME	0.56593	0	0	|	0	0
ME	0.65814	0	0	|	0	0
ME	0.76415	0	0	|	0	0
ME	0.88604	0	0	|	0	0
ME	1.02617	0	0	|	0	0
ME	1.18728	0	0	|	0	0
ME	1.37251	0	0	|	0	0
ME	1.58546	0	0	|	0	0
ME	1.8303	0	0	|	0	0
ME	2.11179	0	0	|	0	0
ME	2.80751	0	0	|	0	0
NE	0	0.60423	0.361875
NE	0.01609	0.358625	0.285221
NE	0.02599	0.422284	0.363657
NE	0.03736	0.551904	0.79468
NE	0.05044	1.28923	1.10371
NE	0.06548	0.580659	0
NE	0.08276	0.862551	0
NE	0.10264	1.11289	0
NE	0.12549	1.41237	0
NE	0.15176	1.17756	0
NE	0.18197	1.02536	0
NE	0.21669	0.905818	0
NE	0.25662	0.760139	0
NE	0.30252	0.661167	0
NE	0.3553	0.564816	0
NE	0.41597	0.486569	0
NE	0.48573	0.433625	0
NE	0.56593	0.379779	0
NE	0.65814	0.349016	0
NE	0.76415	0.366313	0
NE	0.88604	0.36367	0
NE	1.02617	0.400439	0
NE	1.18728	0.368458	0
NE	1.37251	0.370915	0
NE	1.58546	0.330203	0
NE	1.8303	0.240108	0
NE	2.11179	0.241667	0
NE	2.80751	0.33141	0
