=========
RE	1e-08
ME	0	0	2.5e-05	|	2.5e-05	0
ME	0.01609	0	2.5e-05	|	2.5e-05	0
ME	0.02599	0	2.5e-05	|	2.5e-05	0
ME	0.03736	0	2.5e-05	|	2.5e-05	0
ME	0.05044	0	2.5e-05	|	2.5e-05	0
ME	0.06548	0	2.5e-05	|	2.5e-05	0
ME	0.08276	0	2.5e-05	|	2.5e-05	0
ME	0.10264	0	2.5e-05	|	2.5e-05	0
ME	0.12549	0	2.5e-05	|	2.5e-05	0
ME	0.15176	0	2.5e-05	|	2.5e-05	0
ME	0.18197	0	2.5e-05	|	2.5e-05	0
ME	0.21669	0	2.5e-05	|	2.5e-05	0
ME	0.25662	0	2.5e-05	|	2.5e-05	0
ME	0.30252	0	2.5e-05	|	2.5e-05	0
ME	0.3553	0	2.5e-05	|	2.5e-05	0
ME	0.41597	0	2.5e-05	|	2.5e-05	0
ME	0.48573	0	2.5e-05	|	2.5e-05	0
ME	0.56593	0	2.5e-05	|	2.5e-05	0
ME	0.65814	0	2.5e-05	|	2.5e-05	0
ME	0.76415	0	2.5e-05	|	2.5e-05	0
ME	0.88604	0	2.5e-05	|	2.5e-05	0
ME	1.02617	0	2.5e-05	|	2.5e-05	0
ME	1.18728	0	2.5e-05	|	2.5e-05	0
ME	1.37251	0	2.5e-05	|	2.5e-05	0
ME	1.58546	0	2.5e-05	|	2.5e-05	0
ME	1.8303	0	2.5e-05	|	2.5e-05	0
ME	2.11179	0	2.5e-05	|	2.5e-05	0
ME	2.80751	0	2.5e-05	|	2.5e-05	0
NE	0	0.3033	0.16222
NE	0.01609	0.12107	0.08878
NE	0.02599	0.14003	0.12348
NE	0.03736	0.18508	0.2708
NE	0.05044	0.49165	0.4555
NE	0.06548	0.82661	0.82661
NE	0.08276	1.14354	1.14354
NE	0.10264	1.34444	1.34444
NE	0.12549	1.65399	1.65399
NE	0.15176	1.45277	1.45277
NE	0.18197	1.22545	1.22545
NE	0.21669	1.07908	1.07908
NE	0.25662	0.89271	0.89271
NE	0.30252	0.77217	0.77217
NE	0.3553	0.660175	0.660175
NE	0.41597	0.60433	0.60433
NE	0.48573	0.52659	0.52659
NE	0.56593	0.486485	0.486485
NE	0.65814	0.44161	0.44161
NE	0.76415	0.428955	0.428955
NE	0.88604	0.436955	0.436955
NE	1.02617	0.444125	0.444125
NE	1.18728	0.43693	0.43693
NE	1.37251	0.42752	0.42752
NE	1.58546	0.33723	0.33723
NE	1.8303	0.258485	0.258485
NE	2.11179	0.161405	0.161405
NE	2.80751	0.99263	0.99263
=========
RE	1.5489e-08
ME	0	0	5.96148e-05	|	4.66736e-05	0
ME	0.01609	0	6.03515e-05	|	6.71367e-05	0
ME	0.02599	0	5.63355e-05	|	5.11779e-05	0
ME	0.03736	0	4.61396e-05	|	4.78227e-05	0
ME	0.05044	0	4.25461e-05	|	4.2803e-05	0
ME	0.06548	0	3.77978e-05	|	3.52938e-05	0
ME	0.08276	0	3.37862e-05	|	3.93759e-05	0
ME	0.10264	0	3.19743e-05	|	3.79192e-05	0
ME	0.12549	0	3.39855e-05	|	3.74281e-05	0
ME	0.15176	0	3.02113e-05	|	3.20072e-05	0
ME	0.18197	0	3.15371e-05	|	3.27218e-05	0
ME	0.21669	0	2.94473e-05	|	3.08292e-05	0
ME	0.25662	0	2.98426e-05	|	3.24764e-05	0
ME	0.30252	0	2.81952e-05	|	2.84323e-05	0
ME	0.3553	0	2.64344e-05	|	2.96075e-05	0
ME	0.41597	0	2.85137e-05	|	2.8063e-05	0
ME	0.48573	0	2.84196e-05	|	2.91791e-05	0
ME	0.56593	0	2.87893e-05	|	2.79103e-05	0
ME	0.65814	0	2.98293e-05	|	2.94452e-05	0
ME	0.76415	0	2.8445e-05	|	2.7993e-05	0
ME	0.88604	0	2.84452e-05	|	2.89278e-05	0
ME	1.02617	0	2.846e-05	|	2.84667e-05	0
ME	1.18728	0	2.95774e-05	|	2.87647e-05	0
ME	1.37251	0	2.89435e-05	|	2.82355e-05	0
ME	1.58546	0	2.75118e-05	|	2.88585e-05	0
ME	1.8303	0	2.97312e-05	|	2.82289e-05	0
ME	2.11179	0	3.07117e-05	|	3.01579e-05	0
ME	2.80751	0	2.62729e-05	|	2.60864e-05	0
NE	0	0.386173	0.221903
NE	0.01609	0.163032	0.125529
NE	0.02599	0.196547	0.171553
NE	0.03736	0.242888	0.349936
NE	0.05044	0.609864	0.529003
NE	0.06548	0.871899	0.844825
NE	0.08276	1.12327	1.12797
NE	0.10264	1.36362	1.28851
NE	0.12549	1.54326	1.47402
NE	0.15176	1.33673	1.40748
NE	0.18197	1.12567	1.17404
NE	0.21669	0.996376	1.00197
NE	0.25662	0.826505	0.842025
NE	0.30252	0.710181	0.716914
NE	0.3553	0.611006	0.600337
NE	0.41597	0.554881	0.552286
NE	0.48573	0.476166	0.461077
NE	0.56593	0.431051	0.423897
NE	0.65814	0.388396	0.368171
NE	0.76415	0.352728	0.356125
NE	0.88604	0.363541	0.356924
NE	1.02617	0.369751	0.358968
NE	1.18728	0.368931	0.370257
NE	1.37251	0.378146	0.373618
NE	1.58546	0.29818	0.302353
NE	1.8303	0.234021	0.237496
NE	2.11179	0.138401	0.146367
NE	2.80751	0.823813	0.814146
=========
RE	2.19024e-08
ME	0	0	0.000102815	|	7.23902e-05	0
ME	0.01609	0	8.98142e-05	|	0.000113347	0
ME	0.02599	0	8.97065e-05	|	8.03355e-05	0
ME	0.03736	0	6.32881e-05	|	7.09342e-05	0
ME	0.05044	0	5.63452e-05	|	5.43487e-05	0
ME	0.06548	0	4.69617e-05	|	4.86022e-05	0
ME	0.08276	0	4.14359e-05	|	4.94682e-05	0
ME	0.10264	0	3.44217e-05	|	4.38307e-05	0
ME	0.12549	0	4.07515e-05	|	4.47542e-05	0
ME	0.15176	0	3.55072e-05	|	3.78968e-05	0
ME	0.18197	0	3.40358e-05	|	3.63179e-05	0
ME	0.21669	0	3.06248e-05	|	3.3993e-05	0
ME	0.25662	0	3.12e-05	|	3.4482e-05	0
ME	0.30252	0	3.19163e-05	|	3.14036e-05	0
ME	0.3553	0	2.99152e-05	|	3.26443e-05	0
ME	0.41597	0	3.12999e-05	|	3.09135e-05	0
ME	0.48573	0	3.16277e-05	|	3.19706e-05	0
ME	0.56593	0	3.28591e-05	|	2.9596e-05	0
ME	0.65814	0	3.43758e-05	|	3.29919e-05	0
ME	0.76415	0	3.18739e-05	|	3.2007e-05	0
ME	0.88604	0	3.29897e-05	|	3.24386e-05	0
ME	1.02617	0	3.22076e-05	|	3.28483e-05	0
ME	1.18728	0	3.31153e-05	|	3.21195e-05	0
ME	1.37251	0	3.1119e-05	|	3.21361e-05	0
ME	1.58546	0	2.91712e-05	|	3.22577e-05	0
ME	1.8303	0	3.10833e-05	|	3.03626e-05	0
ME	2.11179	0	3.44234e-05	|	3.78509e-05	0
ME	2.80751	0	2.65945e-05	|	2.9413e-05	0
NE	0	0.490446	0.278941
NE	0.01609	0.195585	0.154406
NE	0.02599	0.237539	0.210802
NE	0.03736	0.273656	0.390547
NE	0.05044	0.617212	0.55488
NE	0.06548	0.913233	0.843073
NE	0.08276	1.06808	1.10277
NE	0.10264	1.31725	1.27773
NE	0.12549	1.43221	1.29592
NE	0.15176	1.26173	1.34198
NE	0.18197	0.993897	1.12566
NE	0.21669	0.903724	0.925755
NE	0.25662	0.748291	0.761044
NE	0.30252	0.634916	0.652319
NE	0.3553	0.537976	0.535735
NE	0.41597	0.48625	0.47546
NE	0.48573	0.411486	0.418388
NE	0.56593	0.370001	0.375932
NE	0.65814	0.343431	0.322091
NE	0.76415	0.299351	0.309741
NE	0.88604	0.308683	0.307249
NE	1.02617	0.324492	0.30011
NE	1.18728	0.309879	0.307031
NE	1.37251	0.342057	0.320308
NE	1.58546	0.276366	0.273972
NE	1.8303	0.238575	0.232054
NE	2.11179	0.128785	0.131824
NE	2.80751	0.779512	0.743007
=========
RE	2.86415e-08
ME	0	0	0.00012866	|	9.34912e-05	0
ME	0.01609	0	0.000126247	|	0.000171525	0
ME	0.02599	0	0.000111917	|	0.000108482	0
ME	0.03736	0	8.14129e-05	|	8.69711e-05	0
ME	0.05044	0	6.71303e-05	|	6.57229e-05	0
ME	0.06548	0	5.53339e-05	|	5.86117e-05	0
ME	0.08276	0	4.56374e-05	|	5.92899e-05	0
ME	0.10264	0	3.68922e-05	|	5.28315e-05	0
ME	0.12549	0	4.18726e-05	|	5.12521e-05	0
ME	0.15176	0	3.75821e-05	|	4.44691e-05	0
ME	0.18197	0	3.56491e-05	|	4.03689e-05	0
ME	0.21669	0	3.13966e-05	|	3.79942e-05	0
ME	0.25662	0	3.17328e-05	|	3.68102e-05	0
ME	0.30252	0	3.21843e-05	|	3.3538e-05	0
ME	0.3553	0	3.12087e-05	|	3.50443e-05	0
ME	0.41597	0	3.35738e-05	|	3.28275e-05	0
ME	0.48573	0	3.41199e-05	|	3.43149e-05	0
ME	0.56593	0	3.63947e-05	|	3.38596e-05	0
ME	0.65814	0	3.86138e-05	|	3.67165e-05	0
ME	0.76415	0	3.54729e-05	|	3.54138e-05	0
ME	0.88604	0	3.65732e-05	|	3.54094e-05	0
ME	1.02617	0	3.46731e-05	|	3.5873e-05	0
ME	1.18728	0	3.66064e-05	|	3.60875e-05	0
ME	1.37251	0	3.31419e-05	|	3.5569e-05	0
ME	1.58546	0	3.0425e-05	|	3.32803e-05	0
ME	1.8303	0	3.4226e-05	|	3.2077e-05	0
ME	2.11179	0	4.07273e-05	|	4.29521e-05	0
ME	2.80751	0	2.77256e-05	|	3.34157e-05	0
NE	0	0.545737	0.345554
NE	0.01609	0.219285	0.184934
NE	0.02599	0.270316	0.23328
NE	0.03736	0.27963	0.399152
NE	0.05044	0.626291	0.565514
NE	0.06548	0.884496	0.757593
NE	0.08276	0.958116	1.05747
NE	0.10264	1.21815	1.21501
NE	0.12549	1.2912	1.16902
NE	0.15176	1.13499	1.23855
NE	0.18197	0.908273	1.02595
NE	0.21669	0.80399	0.847006
NE	0.25662	0.676695	0.699279
NE	0.30252	0.576288	0.588255
NE	0.3553	0.481096	0.478761
NE	0.41597	0.429461	0.42621
NE	0.48573	0.35993	0.366179
NE	0.56593	0.325187	0.336542
NE	0.65814	0.310066	0.287376
NE	0.76415	0.262129	0.277363
NE	0.88604	0.271071	0.278175
NE	1.02617	0.291024	0.267358
NE	1.18728	0.280884	0.282594
NE	1.37251	0.319804	0.287626
NE	1.58546	0.268837	0.251566
NE	1.8303	0.21791	0.221777
NE	2.11179	0.124475	0.125117
NE	2.80751	0.765951	0.609523
