=========
RE	1e-08
ME	0	0	2.5e-05	|	2.5e-05	0
ME	0.01609	0	2.5e-05	|	2.5e-05	0
ME	0.02599	0	2.5e-05	|	2.5e-05	0
ME	0.03736	0	2.5e-05	|	2.5e-05	0
ME	0.05044	0	2.5e-05	|	2.5e-05	0
ME	0.06548	0	2.5e-05	|	2.5e-05	0
ME	0.08276	0	2.5e-05	|	2.5e-05	0
ME	0.10264	0	2.5e-05	|	2.5e-05	0
ME	0.12549	0	2.5e-05	|	2.5e-05	0
ME	0.15176	0	2.5e-05	|	2.5e-05	0
ME	0.18197	0	2.5e-05	|	2.5e-05	0
ME	0.21669	0	2.5e-05	|	2.5e-05	0
ME	0.25662	0	2.5e-05	|	2.5e-05	0
ME	0.30252	0	2.5e-05	|	2.5e-05	0
ME	0.3553	0	2.5e-05	|	2.5e-05	0
ME	0.41597	0	2.5e-05	|	2.5e-05	0
ME	0.48573	0	2.5e-05	|	2.5e-05	0
ME	0.56593	0	2.5e-05	|	2.5e-05	0
ME	0.65814	0	2.5e-05	|	2.5e-05	0
ME	0.76415	0	2.5e-05	|	2.5e-05	0
ME	0.88604	0	2.5e-05	|	2.5e-05	0
ME	1.02617	0	2.5e-05	|	2.5e-05	0
ME	1.18728	0	2.5e-05	|	2.5e-05	0
ME	1.37251	0	2.5e-05	|	2.5e-05	0
ME	1.58546	0	2.5e-05	|	2.5e-05	0
ME	1.8303	0	2.5e-05	|	2.5e-05	0
ME	2.11179	0	2.5e-05	|	2.5e-05	0
ME	2.80751	0	2.5e-05	|	2.5e-05	0
NE	0	0.3033	0.16222
NE	0.01609	0.12107	0.08878
NE	0.02599	0.14003	0.12348
NE	0.03736	0.18508	0.2708
NE	0.05044	0.49165	0.4555
NE	0.06548	0.82661	0.82661
NE	0.08276	1.14354	1.14354
NE	0.10264	1.34444	1.34444
NE	0.12549	1.65399	1.65399
NE	0.15176	1.45277	1.45277
NE	0.18197	1.22545	1.22545
NE	0.21669	1.07908	1.07908
NE	0.25662	0.89271	0.89271
NE	0.30252	0.77217	0.77217
NE	0.3553	0.660175	0.660175
NE	0.41597	0.60433	0.60433
NE	0.48573	0.52659	0.52659
NE	0.56593	0.486485	0.486485
NE	0.65814	0.44161	0.44161
NE	0.76415	0.428955	0.428955
NE	0.88604	0.436955	0.436955
NE	1.02617	0.444125	0.444125
NE	1.18728	0.43693	0.43693
NE	1.37251	0.42752	0.42752
NE	1.58546	0.33723	0.33723
NE	1.8303	0.258485	0.258485
NE	2.11179	0.161405	0.161405
NE	2.80751	0.99263	0.99263
=========
RE	1.538e-08
ME	0	0	6.3344e-05	|	5.09487e-05	0
ME	0.01609	0	5.97867e-05	|	7.55982e-05	0
ME	0.02599	0	5.7126e-05	|	5.34982e-05	0
ME	0.03736	0	5.18182e-05	|	4.22025e-05	0
ME	0.05044	0	4.26191e-05	|	4.24713e-05	0
ME	0.06548	0	3.59879e-05	|	3.64368e-05	0
ME	0.08276	0	3.53208e-05	|	3.56571e-05	0
ME	0.10264	0	3.54528e-05	|	3.87919e-05	0
ME	0.12549	0	3.47659e-05	|	3.39435e-05	0
ME	0.15176	0	3.23005e-05	|	2.99352e-05	0
ME	0.18197	0	3.05595e-05	|	3.17529e-05	0
ME	0.21669	0	2.88593e-05	|	3.03993e-05	0
ME	0.25662	0	2.87341e-05	|	2.77649e-05	0
ME	0.30252	0	2.87334e-05	|	2.93026e-05	0
ME	0.3553	0	2.7748e-05	|	2.78332e-05	0
ME	0.41597	0	2.83137e-05	|	2.68022e-05	0
ME	0.48573	0	2.83853e-05	|	2.83444e-05	0
ME	0.56593	0	2.9413e-05	|	2.82126e-05	0
ME	0.65814	0	2.85898e-05	|	2.82454e-05	0
ME	0.76415	0	2.83569e-05	|	2.85632e-05	0
ME	0.88604	0	2.85979e-05	|	3.02904e-05	0
ME	1.02617	0	2.60551e-05	|	2.90237e-05	0
ME	1.18728	0	2.92323e-05	|	2.68706e-05	0
ME	1.37251	0	2.90873e-05	|	2.68986e-05	0
ME	1.58546	0	2.64192e-05	|	2.61693e-05	0
ME	1.8303	0	2.79192e-05	|	2.81633e-05	0
ME	2.11179	0	3.25095e-05	|	2.86674e-05	0
ME	2.80751	0	2.92319e-05	|	2.84762e-05	0
NE	0	0.470238	0.223405
NE	0.01609	0.161447	0.122166
NE	0.02599	0.18498	0.171436
NE	0.03736	0.243896	0.370767
NE	0.05044	0.596981	0.516683
NE	0.06548	0.92609	0.907576
NE	0.08276	1.16919	1.16137
NE	0.10264	1.24838	1.29638
NE	0.12549	1.59829	1.59233
NE	0.15176	1.34592	1.32153
NE	0.18197	1.13654	1.14419
NE	0.21669	1.00157	1.01209
NE	0.25662	0.824693	0.821352
NE	0.30252	0.721276	0.687793
NE	0.3553	0.608253	0.596237
NE	0.41597	0.54758	0.523021
NE	0.48573	0.469924	0.471144
NE	0.56593	0.430097	0.413932
NE	0.65814	0.387745	0.374111
NE	0.76415	0.366014	0.363853
NE	0.88604	0.375476	0.352289
NE	1.02617	0.378762	0.366466
NE	1.18728	0.365974	0.360705
NE	1.37251	0.358981	0.351386
NE	1.58546	0.307503	0.291201
NE	1.8303	0.242216	0.233685
NE	2.11179	0.13893	0.152802
NE	2.80751	0.863778	0.798895
=========
RE	2.18264e-08
ME	0	0	9.35535e-05	|	7.65417e-05	0
ME	0.01609	0	8.56733e-05	|	0.000141446	0
ME	0.02599	0	8.37659e-05	|	8.4501e-05	0
ME	0.03736	0	6.85706e-05	|	5.69245e-05	0
ME	0.05044	0	6.28437e-05	|	5.87265e-05	0
ME	0.06548	0	4.18069e-05	|	4.85519e-05	0
ME	0.08276	0	4.03851e-05	|	4.38833e-05	0
ME	0.10264	0	4.09824e-05	|	4.37266e-05	0
ME	0.12549	0	3.91047e-05	|	3.975e-05	0
ME	0.15176	0	3.67695e-05	|	3.36698e-05	0
ME	0.18197	0	3.33256e-05	|	3.54533e-05	0
ME	0.21669	0	3.17044e-05	|	3.30868e-05	0
ME	0.25662	0	3.04313e-05	|	3.01694e-05	0
ME	0.30252	0	3.269e-05	|	3.05475e-05	0
ME	0.3553	0	3.08948e-05	|	2.97105e-05	0
ME	0.41597	0	3.12678e-05	|	2.89415e-05	0
ME	0.48573	0	3.23443e-05	|	3.18199e-05	0
ME	0.56593	0	3.33188e-05	|	3.21958e-05	0
ME	0.65814	0	3.20301e-05	|	3.18226e-05	0
ME	0.76415	0	3.1778e-05	|	3.20775e-05	0
ME	0.88604	0	3.14299e-05	|	3.47049e-05	0
ME	1.02617	0	2.83594e-05	|	3.26228e-05	0
ME	1.18728	0	3.32574e-05	|	3.13957e-05	0
ME	1.37251	0	3.14653e-05	|	3.12763e-05	0
ME	1.58546	0	2.8203e-05	|	3.01918e-05	0
ME	1.8303	0	3.24026e-05	|	3.34315e-05	0
ME	2.11179	0	3.65116e-05	|	3.34169e-05	0
ME	2.80751	0	3.04877e-05	|	2.99866e-05	0
NE	0	0.649659	0.291716
NE	0.01609	0.190947	0.154052
NE	0.02599	0.22678	0.210189
NE	0.03736	0.276554	0.438614
NE	0.05044	0.613779	0.536888
NE	0.06548	0.919017	0.889325
NE	0.08276	1.16879	1.05708
NE	0.10264	1.12757	1.22436
NE	0.12549	1.4777	1.47065
NE	0.15176	1.19627	1.23596
NE	0.18197	1.02413	1.05154
NE	0.21669	0.884221	0.911941
NE	0.25662	0.749427	0.755188
NE	0.30252	0.634802	0.617139
NE	0.3553	0.541562	0.5386
NE	0.41597	0.491592	0.462551
NE	0.48573	0.419456	0.421574
NE	0.56593	0.380178	0.356449
NE	0.65814	0.333114	0.329466
NE	0.76415	0.334851	0.30791
NE	0.88604	0.32713	0.301028
NE	1.02617	0.327009	0.319925
NE	1.18728	0.320374	0.306715
NE	1.37251	0.311206	0.323106
NE	1.58546	0.269031	0.264894
NE	1.8303	0.224771	0.219769
NE	2.11179	0.119397	0.139683
NE	2.80751	0.788199	0.753488
=========
RE	2.85942e-08
ME	0	0	0.000129341	|	9.15e-05	0
ME	0.01609	0	0.000138937	|	0.000220377	0
ME	0.02599	0	0.000114158	|	0.000113749	0
ME	0.03736	0	8.80899e-05	|	7.37829e-05	0
ME	0.05044	0	7.61243e-05	|	6.8795e-05	0
ME	0.06548	0	4.9127e-05	|	5.83995e-05	0
ME	0.08276	0	4.41846e-05	|	5.10021e-05	0
ME	0.10264	0	4.70647e-05	|	4.68799e-05	0
ME	0.12549	0	4.26162e-05	|	4.34411e-05	0
ME	0.15176	0	3.9841e-05	|	3.40946e-05	0
ME	0.18197	0	3.59281e-05	|	3.64564e-05	0
ME	0.21669	0	3.31522e-05	|	3.57016e-05	0
ME	0.25662	0	3.27599e-05	|	3.15547e-05	0
ME	0.30252	0	3.52169e-05	|	3.11615e-05	0
ME	0.3553	0	3.27545e-05	|	3.19454e-05	0
ME	0.41597	0	3.4118e-05	|	3.23636e-05	0
ME	0.48573	0	3.54655e-05	|	3.47102e-05	0
ME	0.56593	0	3.66542e-05	|	3.56715e-05	0
ME	0.65814	0	3.60154e-05	|	3.59178e-05	0
ME	0.76415	0	3.59029e-05	|	3.52371e-05	0
ME	0.88604	0	3.44189e-05	|	3.94407e-05	0
ME	1.02617	0	3.18034e-05	|	3.46036e-05	0
ME	1.18728	0	3.62413e-05	|	3.4835e-05	0
ME	1.37251	0	3.30796e-05	|	3.43979e-05	0
ME	1.58546	0	3.11626e-05	|	3.10142e-05	0
ME	1.8303	0	3.62068e-05	|	3.65168e-05	0
ME	2.11179	0	3.98486e-05	|	3.66427e-05	0
ME	2.80751	0	3.02508e-05	|	3.0497e-05	0
NE	0	0.693809	0.341866
NE	0.01609	0.216705	0.186205
NE	0.02599	0.247458	0.232894
NE	0.03736	0.283367	0.474709
NE	0.05044	0.607162	0.537254
NE	0.06548	0.879162	0.896248
NE	0.08276	1.11654	1.04384
NE	0.10264	1.00623	1.16117
NE	0.12549	1.24896	1.35311
NE	0.15176	1.09064	1.10957
NE	0.18197	0.925692	0.964561
NE	0.21669	0.806672	0.83787
NE	0.25662	0.667227	0.684131
NE	0.30252	0.578368	0.553735
NE	0.3553	0.481356	0.477853
NE	0.41597	0.438528	0.411986
NE	0.48573	0.37604	0.375447
NE	0.56593	0.33228	0.314663
NE	0.65814	0.299872	0.295172
NE	0.76415	0.29545	0.276952
NE	0.88604	0.288341	0.269803
NE	1.02617	0.293658	0.288214
NE	1.18728	0.289586	0.269518
NE	1.37251	0.296656	0.29264
NE	1.58546	0.251168	0.240622
NE	1.8303	0.208388	0.207741
NE	2.11179	0.111263	0.1286
NE	2.80751	0.715836	0.722476
=========
RE	3.55413e-08
ME	0	0	0.000168192	|	0.000116682	0
ME	0.01609	0	0.000166519	|	0.000279369	0
ME	0.02599	0	0.00013323	|	0.000153922	0
ME	0.03736	0	9.94361e-05	|	8.74901e-05	0
ME	0.05044	0	8.76619e-05	|	8.04255e-05	0
ME	0.06548	0	5.45892e-05	|	6.50538e-05	0
ME	0.08276	0	4.71368e-05	|	5.64612e-05	0
ME	0.10264	0	4.91789e-05	|	5.2079e-05	0
ME	0.12549	0	4.35449e-05	|	4.51406e-05	0
ME	0.15176	0	3.98425e-05	|	3.54359e-05	0
ME	0.18197	0	3.63735e-05	|	3.91804e-05	0
ME	0.21669	0	3.54658e-05	|	3.70096e-05	0
ME	0.25662	0	3.43688e-05	|	3.24247e-05	0
ME	0.30252	0	3.71139e-05	|	3.14548e-05	0
ME	0.3553	0	3.53605e-05	|	3.33252e-05	0
ME	0.41597	0	3.78682e-05	|	3.53355e-05	0
ME	0.48573	0	3.85534e-05	|	3.76787e-05	0
ME	0.56593	0	3.96071e-05	|	3.88796e-05	0
ME	0.65814	0	3.94222e-05	|	3.92144e-05	0
ME	0.76415	0	3.95987e-05	|	3.89421e-05	0
ME	0.88604	0	3.6438e-05	|	4.3423e-05	0
ME	1.02617	0	3.52385e-05	|	3.86691e-05	0
ME	1.18728	0	3.93425e-05	|	3.67046e-05	0
ME	1.37251	0	3.57056e-05	|	3.60137e-05	0
ME	1.58546	0	3.52092e-05	|	3.32432e-05	0
ME	1.8303	0	4.16845e-05	|	3.66013e-05	0
ME	2.11179	0	4.40022e-05	|	4.10209e-05	0
ME	2.80751	0	2.87563e-05	|	3.17119e-05	0
NE	0	0.748488	0.356497
NE	0.01609	0.234202	0.210295
NE	0.02599	0.24676	0.247738
NE	0.03736	0.277748	0.466164
NE	0.05044	0.582211	0.507057
NE	0.06548	0.836381	0.830201
NE	0.08276	1.03037	0.966517
NE	0.10264	0.912495	1.09324
NE	0.12549	1.12314	1.21914
NE	0.15176	0.956239	0.981904
NE	0.18197	0.811814	0.866553
NE	0.21669	0.728153	0.753025
NE	0.25662	0.583825	0.620039
NE	0.30252	0.516336	0.496423
NE	0.3553	0.42603	0.429806
NE	0.41597	0.399075	0.366797
NE	0.48573	0.344261	0.331236
NE	0.56593	0.298861	0.281065
NE	0.65814	0.266508	0.263586
NE	0.76415	0.268882	0.24884
NE	0.88604	0.254329	0.243332
NE	1.02617	0.270365	0.265024
NE	1.18728	0.258597	0.249878
NE	1.37251	0.273141	0.26238
NE	1.58546	0.236419	0.218641
NE	1.8303	0.200899	0.191904
NE	2.11179	0.107972	0.120406
NE	2.80751	0.591245	0.603546
