=========
RE	1e-08
ME	0	0	0	|	0	0
ME	0.01609	0	0	|	0	0
ME	0.02599	0	2.5e-05	|	2.5e-05	0
ME	0.03736	0	2.5e-05	|	2.5e-05	0
ME	0.05044	0	2.5e-05	|	2.5e-05	0
ME	0.06548	0	0	|	2.5e-05	0
ME	0.08276	0	0	|	2.5e-05	0
ME	0.10264	0	0	|	2.5e-05	0
ME	0.12549	0	0	|	2.5e-05	0
ME	0.15176	0	0	|	2.5e-05	0
ME	0.18197	0	0	|	2.5e-05	0
ME	0.21669	0	0	|	2.5e-05	0
ME	0.25662	0	0	|	2.5e-05	0
ME	0.30252	0	0	|	2.5e-05	0
ME	0.3553	0	0	|	2.5e-05	0
ME	0.41597	0	0	|	2.5e-05	0
ME	0.48573	0	0	|	2.5e-05	0
ME	0.56593	0	0	|	2.5e-05	0
ME	0.65814	0	0	|	2.5e-05	0
ME	0.76415	0	0	|	2.5e-05	0
ME	0.88604	0	0	|	2.5e-05	0
ME	1.02617	0	0	|	2.5e-05	0
ME	1.18728	0	0	|	2.5e-05	0
ME	1.37251	0	0	|	2.5e-05	0
ME	1.58546	0	0	|	2.5e-05	0
ME	1.8303	0	0	|	2.5e-05	0
ME	2.11179	0	0	|	2.5e-05	0
ME	2.80751	0	0	|	2.5e-05	0
NE	0	0	0.16222
NE	0.01609	0.12107	0.08878
NE	0.02599	0.14003	0.12348
NE	0.03736	0.18508	0.2708
NE	0.05044	0.49165	0.4555
NE	0.06548	0.82661	0.82661
NE	0.08276	1.14354	1.14354
NE	0.10264	1.34444	1.34444
NE	0.12549	1.65399	1.65399
NE	0.15176	1.45277	1.45277
NE	0.18197	1.22545	1.22545
NE	0.21669	1.07908	1.07908
NE	0.25662	0.89271	0.89271
NE	0.30252	0.77217	0.77217
NE	0.3553	0.660175	0.660175
NE	0.41597	0.60433	0.60433
NE	0.48573	0.52659	0.52659
NE	0.56593	0.486485	0.486485
NE	0.65814	0.44161	0.44161
NE	0.76415	0.428955	0.428955
NE	0.88604	0.436955	0.436955
NE	1.02617	0.444125	0.444125
NE	1.18728	0.43693	0.43693
NE	1.37251	0.42752	0.42752
NE	1.58546	0.33723	0.33723
NE	1.8303	0.258485	0.258485
NE	2.11179	0.161405	0.161405
NE	2.80751	0.99263	0.99263
=========
RE	1.71935e-08
ME	0	0	0	|	0	0
ME	0.01609	0	0	|	0	0
ME	0.02599	0	3.01003e-05	|	3.85325e-05	0
ME	0.03736	0	2.93288e-05	|	2.79252e-05	0
ME	0.05044	0	2.6042e-05	|	2.7141e-05	0
ME	0.06548	0	0	|	0	0
ME	0.08276	0	0	|	0	0
ME	0.10264	0	0	|	0	0
ME	0.12549	0	0	|	0	0
ME	0.15176	0	0	|	0	0
ME	0.18197	0	0	|	0	0
ME	0.21669	0	0	|	0	0
ME	0.25662	0	0	|	0	0
ME	0.30252	0	0	|	0	0
ME	0.3553	0	0	|	0	0
ME	0.41597	0	0	|	0	0
ME	0.48573	0	0	|	0	0
ME	0.56593	0	0	|	0	0
ME	0.65814	0	0	|	0	0
ME	0.76415	0	0	|	0	0
ME	0.88604	0	0	|	0	0
ME	1.02617	0	0	|	0	0
ME	1.18728	0	0	|	0	0
ME	1.37251	0	0	|	0	0
ME	1.58546	0	0	|	0	0
ME	1.8303	0	0	|	0	0
ME	2.11179	0	0	|	0	0
ME	2.80751	0	0	|	0	0
NE	0	0.456873	0.25131
NE	0.01609	0.185062	0.14225
NE	0.02599	0.205482	0.206473
NE	0.03736	0.283244	0.409953
NE	0.05044	0.715489	0.651885
NE	0.06548	0.753605	0
NE	0.08276	1.1048	0
NE	0.10264	1.27189	0
NE	0.12549	1.61179	0
NE	0.15176	1.46612	0
NE	0.18197	1.25695	0
NE	0.21669	1.06905	0
NE	0.25662	0.880751	0
NE	0.30252	0.754359	0
NE	0.3553	0.640947	0
NE	0.41597	0.580814	0
NE	0.48573	0.504694	0
NE	0.56593	0.460045	0
NE	0.65814	0.410643	0
NE	0.76415	0.39292	0
NE	0.88604	0.395654	0
NE	1.02617	0.438689	0
NE	1.18728	0.391461	0
NE	1.37251	0.336241	0
NE	1.58546	0.319118	0
NE	1.8303	0.275435	0
NE	2.11179	0.298182	0
NE	2.80751	0	0
=========
RE	2.58669e-08
ME	0	0	0	|	0	0
ME	0.01609	0	0	|	0	0
ME	0.02599	0	3.9055e-05	|	5.92702e-05	0
ME	0.03736	0	3.48499e-05	|	3.18562e-05	0
ME	0.05044	0	2.61094e-05	|	3.16451e-05	0
ME	0.06548	0	0	|	0	0
ME	0.08276	0	0	|	0	0
ME	0.10264	0	0	|	0	0
ME	0.12549	0	0	|	0	0
ME	0.15176	0	0	|	0	0
ME	0.18197	0	0	|	0	0
ME	0.21669	0	0	|	0	0
ME	0.25662	0	0	|	0	0
ME	0.30252	0	0	|	0	0
ME	0.3553	0	0	|	0	0
ME	0.41597	0	0	|	0	0
ME	0.48573	0	0	|	0	0
ME	0.56593	0	0	|	0	0
ME	0.65814	0	0	|	0	0
ME	0.76415	0	0	|	0	0
ME	0.88604	0	0	|	0	0
ME	1.02617	0	0	|	0	0
ME	1.18728	0	0	|	0	0
ME	1.37251	0	0	|	0	0
ME	1.58546	0	0	|	0	0
ME	1.8303	0	0	|	0	0
ME	2.11179	0	0	|	0	0
ME	2.80751	0	0	|	0	0
NE	0	0.566557	0.337508
NE	0.01609	0.233883	0.187279
NE	0.02599	0.276847	0.29655
NE	0.03736	0.393308	0.527305
NE	0.05044	0.911937	0.887903
NE	0.06548	0.723295	0
NE	0.08276	1.04339	0
NE	0.10264	1.23525	0
NE	0.12549	1.53712	0
NE	0.15176	1.40341	0
NE	0.18197	1.22716	0
NE	0.21669	1.03099	0
NE	0.25662	0.834976	0
NE	0.30252	0.724993	0
NE	0.3553	0.611402	0
NE	0.41597	0.554193	0
NE	0.48573	0.473936	0
NE	0.56593	0.436705	0
NE	0.65814	0.386683	0
NE	0.76415	0.370457	0
NE	0.88604	0.388912	0
NE	1.02617	0.410365	0
NE	1.18728	0.378178	0
NE	1.37251	0.324284	0
NE	1.58546	0.321283	0
NE	1.8303	0.27345	0
NE	2.11179	0.404227	0
NE	2.80751	0.348443	0
=========
RE	3.47315e-08
ME	0	0	0	|	0	0
ME	0.01609	0	0	|	0	0
ME	0.02599	0	4.62775e-05	|	7.31912e-05	0
ME	0.03736	0	4.0041e-05	|	3.20323e-05	0
ME	0.05044	0	2.65638e-05	|	3.1915e-05	0
ME	0.06548	0	0	|	0	0
ME	0.08276	0	0	|	0	0
ME	0.10264	0	0	|	0	0
ME	0.12549	0	0	|	0	0
ME	0.15176	0	0	|	0	0
ME	0.18197	0	0	|	0	0
ME	0.21669	0	0	|	0	0
ME	0.25662	0	0	|	0	0
ME	0.30252	0	0	|	0	0
ME	0.3553	0	0	|	0	0
ME	0.41597	0	0	|	0	0
ME	0.48573	0	0	|	0	0
ME	0.56593	0	0	|	0	0
ME	0.65814	0	0	|	0	0
ME	0.76415	0	0	|	0	0
ME	0.88604	0	0	|	0	0
ME	1.02617	0	0	|	0	0
ME	1.18728	0	0	|	0	0
ME	1.37251	0	0	|	0	0
ME	1.58546	0	0	|	0	0
ME	1.8303	0	0	|	0	0
ME	2.11179	0	0	|	0	0
ME	2.80751	0	0	|	0	0
NE	0	0.64432	0.383208
NE	0.01609	0.269946	0.252051
NE	0.02599	0.34816	0.368923
NE	0.03736	0.47034	0.638324
NE	0.05044	1.0602	1.04008
NE	0.06548	0.658372	0
NE	0.08276	0.975671	0
NE	0.10264	1.15548	0
NE	0.12549	1.4702	0
NE	0.15176	1.33377	0
NE	0.18197	1.15353	0
NE	0.21669	0.97202	0
NE	0.25662	0.787021	0
NE	0.30252	0.679513	0
NE	0.3553	0.575153	0
NE	0.41597	0.521805	0
NE	0.48573	0.438694	0
NE	0.56593	0.419467	0
NE	0.65814	0.365904	0
NE	0.76415	0.35888	0
NE	0.88604	0.365664	0
NE	1.02617	0.40762	0
NE	1.18728	0.355993	0
NE	1.37251	0.315489	0
NE	1.58546	0.306185	0
NE	1.8303	0.287435	0
NE	2.11179	0.253711	0
NE	2.80751	0.240702	0
=========
RE	4.32803e-08
ME	0	0	0	|	0	0
ME	0.01609	0	0	|	0	0
ME	0.02599	0	5.47661e-05	|	9.10945e-05	0
ME	0.03736	0	4.47791e-05	|	3.30682e-05	0
ME	0.05044	0	2.6591e-05	|	3.104e-05	0
ME	0.06548	0	0	|	0	0
ME	0.08276	0	0	|	0	0
ME	0.10264	0	0	|	0	0
ME	0.12549	0	0	|	0	0
ME	0.15176	0	0	|	0	0
ME	0.18197	0	0	|	0	0
ME	0.21669	0	0	|	0	0
ME	0.25662	0	0	|	0	0
ME	0.30252	0	0	|	0	0
ME	0.3553	0	0	|	0	0
ME	0.41597	0	0	|	0	0
ME	0.48573	0	0	|	0	0
ME	0.56593	0	0	|	0	0
ME	0.65814	0	0	|	0	0
ME	0.76415	0	0	|	0	0
ME	0.88604	0	0	|	0	0
ME	1.02617	0	0	|	0	0
ME	1.18728	0	0	|	0	0
ME	1.37251	0	0	|	0	0
ME	1.58546	0	0	|	0	0
ME	1.8303	0	0	|	0	0
ME	2.11179	0	0	|	0	0
ME	2.80751	0	0	|	0	0
NE	0	0.612852	0.406863
NE	0.01609	0.320036	0.299834
NE	0.02599	0.388098	0.429187
NE	0.03736	0.523643	0.68751
NE	0.05044	1.17371	1.13033
NE	0.06548	0.592902	0
NE	0.08276	0.91179	0
NE	0.10264	1.05867	0
NE	0.12549	1.38003	0
NE	0.15176	1.24513	0
NE	0.18197	1.07713	0
NE	0.21669	0.915881	0
NE	0.25662	0.736647	0
NE	0.30252	0.634106	0
NE	0.3553	0.544787	0
NE	0.41597	0.489298	0
NE	0.48573	0.418197	0
NE	0.56593	0.403399	0
NE	0.65814	0.350074	0
NE	0.76415	0.350788	0
NE	0.88604	0.362838	0
NE	1.02617	0.401547	0
NE	1.18728	0.365767	0
NE	1.37251	0.314297	0
NE	1.58546	0.301739	0
NE	1.8303	0.2901	0
NE	2.11179	0.181213	0
NE	2.80751	0.0961449	0
