=========
RE	1e-08
ME	0	0	2.5e-05	|	2.5e-05	0
ME	0.01609	0	2.5e-05	|	2.5e-05	0
ME	0.02599	0	2.5e-05	|	2.5e-05	0
ME	0.03736	0	2.5e-05	|	2.5e-05	0
ME	0.05044	0	2.5e-05	|	2.5e-05	0
ME	0.06548	0	2.5e-05	|	2.5e-05	0
ME	0.08276	0	2.5e-05	|	2.5e-05	0
ME	0.10264	0	2.5e-05	|	2.5e-05	0
ME	0.12549	0	2.5e-05	|	2.5e-05	0
ME	0.15176	0	2.5e-05	|	2.5e-05	0
ME	0.18197	0	2.5e-05	|	2.5e-05	0
ME	0.21669	0	2.5e-05	|	2.5e-05	0
ME	0.25662	0	2.5e-05	|	2.5e-05	0
ME	0.30252	0	2.5e-05	|	2.5e-05	0
ME	0.3553	0	2.5e-05	|	2.5e-05	0
ME	0.41597	0	2.5e-05	|	2.5e-05	0
ME	0.48573	0	2.5e-05	|	2.5e-05	0
ME	0.56593	0	2.5e-05	|	2.5e-05	0
ME	0.65814	0	2.5e-05	|	2.5e-05	0
ME	0.76415	0	2.5e-05	|	2.5e-05	0
ME	0.88604	0	2.5e-05	|	2.5e-05	0
ME	1.02617	0	2.5e-05	|	2.5e-05	0
ME	1.18728	0	2.5e-05	|	2.5e-05	0
ME	1.37251	0	2.5e-05	|	2.5e-05	0
ME	1.58546	0	2.5e-05	|	2.5e-05	0
ME	1.8303	0	2.5e-05	|	2.5e-05	0
ME	2.11179	0	2.5e-05	|	2.5e-05	0
ME	2.80751	0	2.5e-05	|	2.5e-05	0
NE	0	0.3033	0.16222
NE	0.01609	0.12107	0.08878
NE	0.02599	0.14003	0.12348
NE	0.03736	0.18508	0.2708
NE	0.05044	0.49165	0.4555
NE	0.06548	0.82661	0.82661
NE	0.08276	1.14354	1.14354
NE	0.10264	1.34444	1.34444
NE	0.12549	1.65399	1.65399
NE	0.15176	1.45277	1.45277
NE	0.18197	1.22545	1.22545
NE	0.21669	1.07908	1.07908
NE	0.25662	0.89271	0.89271
NE	0.30252	0.77217	0.77217
NE	0.3553	0.660175	0.660175
NE	0.41597	0.60433	0.60433
NE	0.48573	0.52659	0.52659
NE	0.56593	0.486485	0.486485
NE	0.65814	0.44161	0.44161
NE	0.76415	0.428955	0.428955
NE	0.88604	0.436955	0.436955
NE	1.02617	0.444125	0.444125
NE	1.18728	0.43693	0.43693
NE	1.37251	0.42752	0.42752
NE	1.58546	0.33723	0.33723
NE	1.8303	0.258485	0.258485
NE	2.11179	0.161405	0.161405
NE	2.80751	0.99263	0.99263
=========
RE	1.54035e-08
ME	0	0	5.82325e-05	|	5.67391e-05	0
ME	0.01609	0	5.26944e-05	|	6.54869e-05	0
ME	0.02599	0	6.02583e-05	|	5.42549e-05	0
ME	0.03736	0	4.79145e-05	|	4.94865e-05	0
ME	0.05044	0	4.6307e-05	|	3.6668e-05	0
ME	0.06548	0	3.8293e-05	|	3.66781e-05	0
ME	0.08276	0	3.43253e-05	|	3.41412e-05	0
ME	0.10264	0	3.351e-05	|	3.1822e-05	0
ME	0.12549	0	3.13383e-05	|	3.07583e-05	0
ME	0.15176	0	3.21615e-05	|	2.99235e-05	0
ME	0.18197	0	3.23908e-05	|	2.88498e-05	0
ME	0.21669	0	3.04585e-05	|	3.04982e-05	0
ME	0.25662	0	2.75556e-05	|	3.01023e-05	0
ME	0.30252	0	3.0066e-05	|	2.82442e-05	0
ME	0.3553	0	2.85548e-05	|	2.71519e-05	0
ME	0.41597	0	2.83974e-05	|	2.81262e-05	0
ME	0.48573	0	2.89025e-05	|	2.76239e-05	0
ME	0.56593	0	2.78681e-05	|	2.88735e-05	0
ME	0.65814	0	2.87683e-05	|	2.97705e-05	0
ME	0.76415	0	2.75346e-05	|	2.83441e-05	0
ME	0.88604	0	2.62148e-05	|	2.85315e-05	0
ME	1.02617	0	2.87274e-05	|	2.9169e-05	0
ME	1.18728	0	2.77763e-05	|	2.87919e-05	0
ME	1.37251	0	2.59433e-05	|	2.73746e-05	0
ME	1.58546	0	2.63331e-05	|	2.85787e-05	0
ME	1.8303	0	2.99223e-05	|	3.05896e-05	0
ME	2.11179	0	2.83002e-05	|	2.80274e-05	0
ME	2.80751	0	2.60659e-05	|	2.61585e-05	0
NE	0	0.46312	0.226982
NE	0.01609	0.161659	0.123252
NE	0.02599	0.183223	0.165111
NE	0.03736	0.227904	0.359726
NE	0.05044	0.588134	0.530792
NE	0.06548	0.864889	0.962273
NE	0.08276	1.12138	1.10201
NE	0.10264	1.28429	1.32104
NE	0.12549	1.64933	1.60303
NE	0.15176	1.37792	1.39422
NE	0.18197	1.15747	1.14634
NE	0.21669	0.997726	0.994253
NE	0.25662	0.822703	0.820735
NE	0.30252	0.706135	0.718338
NE	0.3553	0.608091	0.606273
NE	0.41597	0.550812	0.546171
NE	0.48573	0.472759	0.464758
NE	0.56593	0.423542	0.418236
NE	0.65814	0.379429	0.373852
NE	0.76415	0.354837	0.362168
NE	0.88604	0.362574	0.367174
NE	1.02617	0.370916	0.379951
NE	1.18728	0.363973	0.354731
NE	1.37251	0.379636	0.365512
NE	1.58546	0.294994	0.281928
NE	1.8303	0.250388	0.235724
NE	2.11179	0.147586	0.146512
NE	2.80751	0.806162	0.794663
=========
RE	2.17997e-08
ME	0	0	0.000113714	|	8.82185e-05	0
ME	0.01609	0	8.22936e-05	|	0.000100381	0
ME	0.02599	0	9.96556e-05	|	9.04076e-05	0
ME	0.03736	0	7.04442e-05	|	6.91293e-05	0
ME	0.05044	0	6.34933e-05	|	4.54855e-05	0
ME	0.06548	0	5.04153e-05	|	4.35602e-05	0
ME	0.08276	0	4.13555e-05	|	4.2258e-05	0
ME	0.10264	0	4.07456e-05	|	3.89085e-05	0
ME	0.12549	0	4.00437e-05	|	3.81193e-05	0
ME	0.15176	0	3.69423e-05	|	3.42487e-05	0
ME	0.18197	0	3.56157e-05	|	3.26259e-05	0
ME	0.21669	0	3.34906e-05	|	3.32228e-05	0
ME	0.25662	0	2.96726e-05	|	3.36763e-05	0
ME	0.30252	0	3.34028e-05	|	3.00595e-05	0
ME	0.3553	0	3.07791e-05	|	3.00986e-05	0
ME	0.41597	0	3.20643e-05	|	2.94229e-05	0
ME	0.48573	0	3.2196e-05	|	3.10043e-05	0
ME	0.56593	0	3.13626e-05	|	3.21817e-05	0
ME	0.65814	0	3.1128e-05	|	3.41945e-05	0
ME	0.76415	0	3.13853e-05	|	3.23963e-05	0
ME	0.88604	0	2.95357e-05	|	3.26115e-05	0
ME	1.02617	0	3.13092e-05	|	3.2976e-05	0
ME	1.18728	0	3.03699e-05	|	3.28392e-05	0
ME	1.37251	0	2.72367e-05	|	3.00194e-05	0
ME	1.58546	0	2.91144e-05	|	3.15221e-05	0
ME	1.8303	0	3.31404e-05	|	3.46744e-05	0
ME	2.11179	0	3.34633e-05	|	3.63931e-05	0
ME	2.80751	0	2.63556e-05	|	2.76192e-05	0
NE	0	0.600728	0.305282
NE	0.01609	0.197594	0.145897
NE	0.02599	0.226865	0.198122
NE	0.03736	0.273643	0.408518
NE	0.05044	0.662787	0.540475
NE	0.06548	0.82718	0.962475
NE	0.08276	1.09958	1.00596
NE	0.10264	1.17317	1.16613
NE	0.12549	1.59668	1.42965
NE	0.15176	1.22323	1.26162
NE	0.18197	1.06823	1.02879
NE	0.21669	0.894347	0.90938
NE	0.25662	0.749598	0.743266
NE	0.30252	0.627573	0.651369
NE	0.3553	0.538607	0.550684
NE	0.41597	0.491679	0.488651
NE	0.48573	0.426849	0.411064
NE	0.56593	0.367529	0.366013
NE	0.65814	0.332496	0.323871
NE	0.76415	0.306747	0.316574
NE	0.88604	0.305389	0.322392
NE	1.02617	0.319754	0.32794
NE	1.18728	0.322261	0.30771
NE	1.37251	0.339222	0.312614
NE	1.58546	0.26943	0.238545
NE	1.8303	0.228265	0.211844
NE	2.11179	0.137938	0.138811
NE	2.80751	0.774832	0.691274
=========
RE	2.85706e-08
ME	0	0	0.000158544	|	0.000119838	0
ME	0.01609	0	0.000128614	|	0.000127432	0
ME	0.02599	0	0.000135186	|	0.000127139	0
ME	0.03736	0	8.51347e-05	|	8.58191e-05	0
ME	0.05044	0	7.69433e-05	|	5.45036e-05	0
ME	0.06548	0	6.18797e-05	|	4.74888e-05	0
ME	0.08276	0	4.57661e-05	|	4.374e-05	0
ME	0.10264	0	4.67329e-05	|	4.14817e-05	0
ME	0.12549	0	4.51645e-05	|	4.14695e-05	0
ME	0.15176	0	4.16696e-05	|	3.66949e-05	0
ME	0.18197	0	3.96764e-05	|	3.36677e-05	0
ME	0.21669	0	3.4347e-05	|	3.39068e-05	0
ME	0.25662	0	3.26866e-05	|	3.45302e-05	0
ME	0.30252	0	3.58944e-05	|	3.08363e-05	0
ME	0.3553	0	3.27209e-05	|	3.16872e-05	0
ME	0.41597	0	3.39031e-05	|	3.12854e-05	0
ME	0.48573	0	3.53108e-05	|	3.43304e-05	0
ME	0.56593	0	3.51864e-05	|	3.66014e-05	0
ME	0.65814	0	3.41771e-05	|	3.79494e-05	0
ME	0.76415	0	3.45778e-05	|	3.64021e-05	0
ME	0.88604	0	3.18374e-05	|	3.7174e-05	0
ME	1.02617	0	3.49126e-05	|	3.5999e-05	0
ME	1.18728	0	3.31487e-05	|	3.42718e-05	0
ME	1.37251	0	2.9285e-05	|	3.27933e-05	0
ME	1.58546	0	3.13395e-05	|	3.29355e-05	0
ME	1.8303	0	3.7828e-05	|	3.71446e-05	0
ME	2.11179	0	3.73738e-05	|	3.81155e-05	0
ME	2.80751	0	2.81338e-05	|	2.32833e-05	0
NE	0	0.650586	0.361302
NE	0.01609	0.225903	0.169203
NE	0.02599	0.245347	0.235691
NE	0.03736	0.280672	0.419264
NE	0.05044	0.650424	0.541277
NE	0.06548	0.777042	0.883453
NE	0.08276	1.04528	0.925669
NE	0.10264	1.05148	1.05552
NE	0.12549	1.51703	1.2687
NE	0.15176	1.06649	1.1435
NE	0.18197	0.970379	0.924556
NE	0.21669	0.817535	0.795668
NE	0.25662	0.697183	0.665267
NE	0.30252	0.559221	0.594156
NE	0.3553	0.494736	0.4853
NE	0.41597	0.437705	0.437003
NE	0.48573	0.386488	0.365852
NE	0.56593	0.323217	0.326153
NE	0.65814	0.295807	0.285029
NE	0.76415	0.273124	0.274845
NE	0.88604	0.268982	0.289279
NE	1.02617	0.295367	0.282652
NE	1.18728	0.286921	0.280529
NE	1.37251	0.316688	0.281528
NE	1.58546	0.249783	0.221199
NE	1.8303	0.219317	0.194384
NE	2.11179	0.132588	0.136517
NE	2.80751	0.657103	0.619912
=========
RE	3.53924e-08
ME	0	0	0.000185211	|	0.000156879	0
ME	0.01609	0	0.000167243	|	0.000165056	0
ME	0.02599	0	0.000190964	|	0.000149996	0
ME	0.03736	0	0.000105601	|	9.64205e-05	0
ME	0.05044	0	9.3563e-05	|	5.20089e-05	0
ME	0.06548	0	7.59897e-05	|	4.82324e-05	0
ME	0.08276	0	5.03321e-05	|	4.59413e-05	0
ME	0.10264	0	5.51049e-05	|	4.14029e-05	0
ME	0.12549	0	5.15811e-05	|	4.19233e-05	0
ME	0.15176	0	4.56841e-05	|	3.57778e-05	0
ME	0.18197	0	4.31364e-05	|	3.19458e-05	0
ME	0.21669	0	3.74775e-05	|	3.42224e-05	0
ME	0.25662	0	3.58779e-05	|	3.52546e-05	0
ME	0.30252	0	3.88007e-05	|	3.1072e-05	0
ME	0.3553	0	3.64057e-05	|	3.22414e-05	0
ME	0.41597	0	3.71935e-05	|	3.37117e-05	0
ME	0.48573	0	3.85859e-05	|	3.71225e-05	0
ME	0.56593	0	3.71053e-05	|	4.08826e-05	0
ME	0.65814	0	3.73868e-05	|	4.18049e-05	0
ME	0.76415	0	3.65372e-05	|	4.14426e-05	0
ME	0.88604	0	3.49728e-05	|	4.25244e-05	0
ME	1.02617	0	3.68532e-05	|	3.86039e-05	0
ME	1.18728	0	3.65568e-05	|	3.78978e-05	0
ME	1.37251	0	3.13499e-05	|	3.57242e-05	0
ME	1.58546	0	3.32381e-05	|	3.73143e-05	0
ME	1.8303	0	4.01391e-05	|	4.10237e-05	0
ME	2.11179	0	4.13873e-05	|	4.2084e-05	0
ME	2.80751	0	2.8817e-05	|	2.65542e-05	0
NE	0	0.7124	0.396916
NE	0.01609	0.241243	0.187717
NE	0.02599	0.240059	0.262052
NE	0.03736	0.276498	0.411389
NE	0.05044	0.625654	0.527905
NE	0.06548	0.681695	0.838882
NE	0.08276	0.946491	0.856623
NE	0.10264	0.984802	0.942174
NE	0.12549	1.43931	1.13396
NE	0.15176	0.956243	1.05953
NE	0.18197	0.875947	0.832558
NE	0.21669	0.752233	0.715097
NE	0.25662	0.610211	0.596312
NE	0.30252	0.502076	0.532796
NE	0.3553	0.445394	0.431927
NE	0.41597	0.399618	0.388068
NE	0.48573	0.346438	0.3254
NE	0.56593	0.290604	0.295556
NE	0.65814	0.267579	0.256132
NE	0.76415	0.247438	0.246121
NE	0.88604	0.245026	0.271856
NE	1.02617	0.266265	0.255111
NE	1.18728	0.270358	0.263328
NE	1.37251	0.285228	0.271225
NE	1.58546	0.232624	0.207455
NE	1.8303	0.211598	0.185319
NE	2.11179	0.13016	0.12739
NE	2.80751	0.60106	0.560197
