=========
RE	1e-08
ME	0	0	2.5e-05	|	2.5e-05	0
ME	0.01609	0	2.5e-05	|	2.5e-05	0
ME	0.02599	0	2.5e-05	|	2.5e-05	0
ME	0.03736	0	2.5e-05	|	2.5e-05	0
ME	0.05044	0	2.5e-05	|	2.5e-05	0
ME	0.06548	0	2.5e-05	|	2.5e-05	0
ME	0.08276	0	2.5e-05	|	2.5e-05	0
ME	0.10264	0	2.5e-05	|	2.5e-05	0
ME	0.12549	0	2.5e-05	|	2.5e-05	0
ME	0.15176	0	2.5e-05	|	2.5e-05	0
ME	0.18197	0	2.5e-05	|	2.5e-05	0
ME	0.21669	0	2.5e-05	|	2.5e-05	0
ME	0.25662	0	2.5e-05	|	2.5e-05	0
ME	0.30252	0	2.5e-05	|	2.5e-05	0
ME	0.3553	0	2.5e-05	|	2.5e-05	0
ME	0.41597	0	2.5e-05	|	2.5e-05	0
ME	0.48573	0	2.5e-05	|	2.5e-05	0
ME	0.56593	0	2.5e-05	|	2.5e-05	0
ME	0.65814	0	2.5e-05	|	2.5e-05	0
ME	0.76415	0	2.5e-05	|	2.5e-05	0
ME	0.88604	0	2.5e-05	|	2.5e-05	0
ME	1.02617	0	2.5e-05	|	2.5e-05	0
ME	1.18728	0	2.5e-05	|	2.5e-05	0
ME	1.37251	0	2.5e-05	|	2.5e-05	0
ME	1.58546	0	2.5e-05	|	2.5e-05	0
ME	1.8303	0	2.5e-05	|	2.5e-05	0
ME	2.11179	0	2.5e-05	|	2.5e-05	0
ME	2.80751	0	2.5e-05	|	2.5e-05	0
NE	0	0.3033	0.16222
NE	0.01609	0.12107	0.08878
NE	0.02599	0.14003	0.12348
NE	0.03736	0.18508	0.2708
NE	0.05044	0.49165	0.4555
NE	0.06548	0.82661	0.82661
NE	0.08276	1.14354	1.14354
NE	0.10264	1.34444	1.34444
NE	0.12549	1.65399	1.65399
NE	0.15176	1.45277	1.45277
NE	0.18197	1.22545	1.22545
NE	0.21669	1.07908	1.07908
NE	0.25662	0.89271	0.89271
NE	0.30252	0.77217	0.77217
NE	0.3553	0.660175	0.660175
NE	0.41597	0.60433	0.60433
NE	0.48573	0.52659	0.52659
NE	0.56593	0.486485	0.486485
NE	0.65814	0.44161	0.44161
NE	0.76415	0.428955	0.428955
NE	0.88604	0.436955	0.436955
NE	1.02617	0.444125	0.444125
NE	1.18728	0.43693	0.43693
NE	1.37251	0.42752	0.42752
NE	1.58546	0.33723	0.33723
NE	1.8303	0.258485	0.258485
NE	2.11179	0.161405	0.161405
NE	2.80751	0.99263	0.99263
=========
RE	1.54912e-08
ME	0	0	7.82805e-05	|	6.23915e-05	0
ME	0.01609	0	6.75665e-05	|	4.57978e-05	0
ME	0.02599	0	5.70634e-05	|	5.16097e-05	0
ME	0.03736	0	4.5453e-05	|	4.52465e-05	0
ME	0.05044	0	4.38317e-05	|	3.83045e-05	0
ME	0.06548	0	3.63184e-05	|	3.31014e-05	0
ME	0.08276	0	3.85628e-05	|	3.54965e-05	0
ME	0.10264	0	3.32483e-05	|	3.29999e-05	0
ME	0.12549	0	3.42875e-05	|	3.29325e-05	0
ME	0.15176	0	3.29533e-05	|	2.99305e-05	0
ME	0.18197	0	2.92369e-05	|	2.96735e-05	0
ME	0.21669	0	2.7645e-05	|	3.03694e-05	0
ME	0.25662	0	3.01611e-05	|	2.79876e-05	0
ME	0.30252	0	2.73811e-05	|	2.76364e-05	0
ME	0.3553	0	2.83096e-05	|	2.81881e-05	0
ME	0.41597	0	2.76402e-05	|	2.95064e-05	0
ME	0.48573	0	2.84787e-05	|	2.89164e-05	0
ME	0.56593	0	2.86328e-05	|	2.86159e-05	0
ME	0.65814	0	2.81631e-05	|	2.74351e-05	0
ME	0.76415	0	2.70775e-05	|	2.88895e-05	0
ME	0.88604	0	2.8903e-05	|	2.80251e-05	0
ME	1.02617	0	2.95552e-05	|	2.86702e-05	0
ME	1.18728	0	2.88975e-05	|	2.67908e-05	0
ME	1.37251	0	2.87546e-05	|	2.86026e-05	0
ME	1.58546	0	2.77699e-05	|	2.70578e-05	0
ME	1.8303	0	2.92867e-05	|	2.69208e-05	0
ME	2.11179	0	3.11943e-05	|	3.05954e-05	0
ME	2.80751	0	2.28937e-05	|	2.62515e-05	0
NE	0	0.421061	0.227803
NE	0.01609	0.158041	0.124996
NE	0.02599	0.189822	0.160472
NE	0.03736	0.226336	0.324192
NE	0.05044	0.590184	0.557817
NE	0.06548	0.960306	0.872457
NE	0.08276	1.18437	1.12137
NE	0.10264	1.44725	1.28171
NE	0.12549	1.53943	1.57191
NE	0.15176	1.35683	1.41144
NE	0.18197	1.1523	1.16963
NE	0.21669	0.993088	0.986621
NE	0.25662	0.85064	0.825917
NE	0.30252	0.728484	0.698178
NE	0.3553	0.622395	0.596401
NE	0.41597	0.542815	0.541906
NE	0.48573	0.464261	0.46988
NE	0.56593	0.432784	0.432792
NE	0.65814	0.367321	0.376166
NE	0.76415	0.361002	0.348652
NE	0.88604	0.361648	0.366591
NE	1.02617	0.366163	0.373152
NE	1.18728	0.38223	0.368087
NE	1.37251	0.367311	0.376085
NE	1.58546	0.296971	0.290031
NE	1.8303	0.243886	0.22827
NE	2.11179	0.15598	0.153522
NE	2.80751	0.881236	0.750611
=========
RE	2.18791e-08
ME	0	0	0.000119869	|	0.000107208	0
ME	0.01609	0	0.000117149	|	7.17774e-05	0
ME	0.02599	0	9.85461e-05	|	7.56792e-05	0
ME	0.03736	0	7.23171e-05	|	5.99274e-05	0
ME	0.05044	0	5.7341e-05	|	4.61195e-05	0
ME	0.06548	0	4.41498e-05	|	4.52009e-05	0
ME	0.08276	0	4.83685e-05	|	4.26368e-05	0
ME	0.10264	0	3.98994e-05	|	4.08225e-05	0
ME	0.12549	0	3.87976e-05	|	3.6187e-05	0
ME	0.15176	0	3.6394e-05	|	3.39391e-05	0
ME	0.18197	0	3.31692e-05	|	3.34097e-05	0
ME	0.21669	0	2.85508e-05	|	3.59918e-05	0
ME	0.25662	0	3.26649e-05	|	3.11071e-05	0
ME	0.30252	0	2.79235e-05	|	3.03019e-05	0
ME	0.3553	0	3.06446e-05	|	3.02669e-05	0
ME	0.41597	0	3.05915e-05	|	3.33984e-05	0
ME	0.48573	0	3.09197e-05	|	3.22226e-05	0
ME	0.56593	0	3.28281e-05	|	3.15524e-05	0
ME	0.65814	0	3.18185e-05	|	3.01219e-05	0
ME	0.76415	0	3.15793e-05	|	3.28331e-05	0
ME	0.88604	0	3.1334e-05	|	3.14459e-05	0
ME	1.02617	0	3.31883e-05	|	3.2147e-05	0
ME	1.18728	0	3.20424e-05	|	3.05028e-05	0
ME	1.37251	0	3.27823e-05	|	3.26758e-05	0
ME	1.58546	0	3.16481e-05	|	2.81629e-05	0
ME	1.8303	0	3.30624e-05	|	2.9408e-05	0
ME	2.11179	0	3.46126e-05	|	3.55837e-05	0
ME	2.80751	0	2.7671e-05	|	2.79061e-05	0
NE	0	0.527814	0.289026
NE	0.01609	0.194554	0.155587
NE	0.02599	0.227907	0.188173
NE	0.03736	0.266198	0.344715
NE	0.05044	0.673697	0.565553
NE	0.06548	0.991996	0.867898
NE	0.08276	1.14581	1.07639
NE	0.10264	1.3712	1.19329
NE	0.12549	1.4206	1.49197
NE	0.15176	1.24004	1.30445
NE	0.18197	1.04413	1.06014
NE	0.21669	0.888752	0.884288
NE	0.25662	0.784394	0.73182
NE	0.30252	0.659206	0.636354
NE	0.3553	0.545216	0.542807
NE	0.41597	0.482481	0.475391
NE	0.48573	0.409871	0.414903
NE	0.56593	0.376078	0.383253
NE	0.65814	0.313467	0.334586
NE	0.76415	0.313419	0.296393
NE	0.88604	0.30842	0.307445
NE	1.02617	0.313198	0.324145
NE	1.18728	0.329691	0.32115
NE	1.37251	0.314214	0.328528
NE	1.58546	0.280587	0.268385
NE	1.8303	0.227017	0.207614
NE	2.11179	0.136916	0.13681
NE	2.80751	0.762183	0.700319
=========
RE	2.85777e-08
ME	0	0	0.000174339	|	0.000138981	0
ME	0.01609	0	0.000182002	|	9.15767e-05	0
ME	0.02599	0	0.000141028	|	0.000102582	0
ME	0.03736	0	9.05272e-05	|	7.32428e-05	0
ME	0.05044	0	7.37035e-05	|	5.05593e-05	0
ME	0.06548	0	5.21638e-05	|	5.19558e-05	0
ME	0.08276	0	6.12085e-05	|	4.35923e-05	0
ME	0.10264	0	4.75736e-05	|	4.56156e-05	0
ME	0.12549	0	4.32168e-05	|	3.81022e-05	0
ME	0.15176	0	4.11068e-05	|	3.30497e-05	0
ME	0.18197	0	3.73933e-05	|	3.42914e-05	0
ME	0.21669	0	3.07235e-05	|	3.80448e-05	0
ME	0.25662	0	3.50515e-05	|	3.20289e-05	0
ME	0.30252	0	2.90136e-05	|	3.16558e-05	0
ME	0.3553	0	3.45951e-05	|	3.29308e-05	0
ME	0.41597	0	3.29461e-05	|	3.59245e-05	0
ME	0.48573	0	3.3444e-05	|	3.56969e-05	0
ME	0.56593	0	3.6673e-05	|	3.4174e-05	0
ME	0.65814	0	3.46717e-05	|	3.30766e-05	0
ME	0.76415	0	3.55845e-05	|	3.66874e-05	0
ME	0.88604	0	3.44515e-05	|	3.48691e-05	0
ME	1.02617	0	3.66492e-05	|	3.44982e-05	0
ME	1.18728	0	3.52572e-05	|	3.4396e-05	0
ME	1.37251	0	3.44375e-05	|	3.61312e-05	0
ME	1.58546	0	3.22906e-05	|	3.00159e-05	0
ME	1.8303	0	3.44407e-05	|	3.33203e-05	0
ME	2.11179	0	3.77306e-05	|	4.24221e-05	0
ME	2.80751	0	2.75638e-05	|	2.95949e-05	0
NE	0	0.546936	0.31602
NE	0.01609	0.225213	0.184302
NE	0.02599	0.255342	0.207979
NE	0.03736	0.272964	0.364256
NE	0.05044	0.696364	0.56776
NE	0.06548	0.980217	0.819702
NE	0.08276	1.07333	0.999478
NE	0.10264	1.2545	1.09576
NE	0.12549	1.27051	1.29246
NE	0.15176	1.10897	1.17162
NE	0.18197	0.932904	0.969365
NE	0.21669	0.812995	0.785207
NE	0.25662	0.715385	0.63995
NE	0.30252	0.605298	0.564735
NE	0.3553	0.494366	0.487554
NE	0.41597	0.43499	0.415968
NE	0.48573	0.366439	0.371907
NE	0.56593	0.33357	0.341943
NE	0.65814	0.28226	0.297594
NE	0.76415	0.275384	0.263492
NE	0.88604	0.274601	0.275784
NE	1.02617	0.27565	0.287989
NE	1.18728	0.300317	0.285843
NE	1.37251	0.283248	0.303322
NE	1.58546	0.260449	0.251895
NE	1.8303	0.212869	0.201736
NE	2.11179	0.128894	0.129012
NE	2.80751	0.828747	0.711939
