=========
RE	1e-08
ME	0	0	2.5e-05	|	2.5e-05	0
ME	0.01609	0	2.5e-05	|	2.5e-05	0
ME	0.02599	0	2.5e-05	|	2.5e-05	0
ME	0.03736	0	2.5e-05	|	2.5e-05	0
ME	0.05044	0	2.5e-05	|	2.5e-05	0
ME	0.06548	0	2.5e-05	|	2.5e-05	0
ME	0.08276	0	2.5e-05	|	2.5e-05	0
ME	0.10264	0	2.5e-05	|	2.5e-05	0
ME	0.12549	0	2.5e-05	|	2.5e-05	0
ME	0.15176	0	2.5e-05	|	2.5e-05	0
ME	0.18197	0	2.5e-05	|	2.5e-05	0
ME	0.21669	0	2.5e-05	|	2.5e-05	0
ME	0.25662	0	2.5e-05	|	2.5e-05	0
ME	0.30252	0	2.5e-05	|	2.5e-05	0
ME	0.3553	0	2.5e-05	|	2.5e-05	0
ME	0.41597	0	2.5e-05	|	2.5e-05	0
ME	0.48573	0	2.5e-05	|	2.5e-05	0
ME	0.56593	0	2.5e-05	|	2.5e-05	0
ME	0.65814	0	2.5e-05	|	2.5e-05	0
ME	0.76415	0	2.5e-05	|	2.5e-05	0
ME	0.88604	0	2.5e-05	|	2.5e-05	0
ME	1.02617	0	2.5e-05	|	2.5e-05	0
ME	1.18728	0	2.5e-05	|	2.5e-05	0
ME	1.37251	0	2.5e-05	|	2.5e-05	0
ME	1.58546	0	2.5e-05	|	2.5e-05	0
ME	1.8303	0	2.5e-05	|	2.5e-05	0
ME	2.11179	0	2.5e-05	|	2.5e-05	0
ME	2.80751	0	2.5e-05	|	2.5e-05	0
NE	0	0.3033	0.16222
NE	0.01609	0.12107	0.08878
NE	0.02599	0.14003	0.12348
NE	0.03736	0.18508	0.2708
NE	0.05044	0.49165	0.4555
NE	0.06548	0.82661	0.82661
NE	0.08276	1.14354	1.14354
NE	0.10264	1.34444	1.34444
NE	0.12549	1.65399	1.65399
NE	0.15176	1.45277	1.45277
NE	0.18197	1.22545	1.22545
NE	0.21669	1.07908	1.07908
NE	0.25662	0.89271	0.89271
NE	0.30252	0.77217	0.77217
NE	0.3553	0.660175	0.660175
NE	0.41597	0.60433	0.60433
NE	0.48573	0.52659	0.52659
NE	0.56593	0.486485	0.486485
NE	0.65814	0.44161	0.44161
NE	0.76415	0.428955	0.428955
NE	0.88604	0.436955	0.436955
NE	1.02617	0.444125	0.444125
NE	1.18728	0.43693	0.43693
NE	1.37251	0.42752	0.42752
NE	1.58546	0.33723	0.33723
NE	1.8303	0.258485	0.258485
NE	2.11179	0.161405	0.161405
NE	2.80751	0.99263	0.99263
=========
RE	1.54526e-08
ME	0	0	5.81074e-05	|	6.75021e-05	0
ME	0.01609	0	6.3147e-05	|	5.3245e-05	0
ME	0.02599	0	4.27345e-05	|	6.65447e-05	0
ME	0.03736	0	4.32485e-05	|	4.96442e-05	0
ME	0.05044	0	3.70309e-05	|	4.35734e-05	0
ME	0.06548	0	3.39202e-05	|	3.63701e-05	0
ME	0.08276	0	3.12409e-05	|	3.77203e-05	0
ME	0.10264	0	3.38899e-05	|	3.40698e-05	0
ME	0.12549	0	3.28146e-05	|	3.37056e-05	0
ME	0.15176	0	3.01812e-05	|	3.31972e-05	0
ME	0.18197	0	3.11619e-05	|	2.85581e-05	0
ME	0.21669	0	2.78514e-05	|	3.01905e-05	0
ME	0.25662	0	2.90553e-05	|	2.98884e-05	0
ME	0.30252	0	2.74719e-05	|	2.87058e-05	0
ME	0.3553	0	2.67783e-05	|	2.92083e-05	0
ME	0.41597	0	2.96236e-05	|	2.76602e-05	0
ME	0.48573	0	2.89403e-05	|	2.9373e-05	0
ME	0.56593	0	2.79335e-05	|	2.87944e-05	0
ME	0.65814	0	2.80577e-05	|	2.87771e-05	0
ME	0.76415	0	2.89683e-05	|	2.71023e-05	0
ME	0.88604	0	2.93255e-05	|	2.72732e-05	0
ME	1.02617	0	2.78341e-05	|	2.76552e-05	0
ME	1.18728	0	2.77564e-05	|	2.73461e-05	0
ME	1.37251	0	2.81009e-05	|	2.76139e-05	0
ME	1.58546	0	2.67216e-05	|	2.78337e-05	0
ME	1.8303	0	2.80472e-05	|	2.71361e-05	0
ME	2.11179	0	2.95994e-05	|	3.01205e-05	0
ME	2.80751	0	2.49683e-05	|	2.43429e-05	0
NE	0	0.397683	0.226136
NE	0.01609	0.163706	0.125232
NE	0.02599	0.185617	0.170525
NE	0.03736	0.239515	0.347329
NE	0.05044	0.558523	0.548595
NE	0.06548	0.892324	0.911699
NE	0.08276	1.16145	1.14641
NE	0.10264	1.34367	1.34644
NE	0.12549	1.53067	1.59217
NE	0.15176	1.33994	1.34105
NE	0.18197	1.19533	1.13126
NE	0.21669	0.971532	0.996253
NE	0.25662	0.830243	0.809697
NE	0.30252	0.725519	0.723716
NE	0.3553	0.592712	0.589641
NE	0.41597	0.542334	0.542737
NE	0.48573	0.461971	0.480004
NE	0.56593	0.425718	0.42378
NE	0.65814	0.377462	0.377665
NE	0.76415	0.357697	0.360091
NE	0.88604	0.361214	0.375249
NE	1.02617	0.371546	0.375456
NE	1.18728	0.372435	0.373102
NE	1.37251	0.386603	0.347948
NE	1.58546	0.289887	0.299494
NE	1.8303	0.23885	0.251659
NE	2.11179	0.157226	0.138807
NE	2.80751	0.729212	0.8739
=========
RE	2.18009e-08
ME	0	0	9.55919e-05	|	0.000102208	0
ME	0.01609	0	0.000103648	|	9.91707e-05	0
ME	0.02599	0	5.92966e-05	|	9.79538e-05	0
ME	0.03736	0	5.83784e-05	|	7.29492e-05	0
ME	0.05044	0	5.13535e-05	|	6.19079e-05	0
ME	0.06548	0	3.94344e-05	|	5.17638e-05	0
ME	0.08276	0	3.47712e-05	|	4.7163e-05	0
ME	0.10264	0	4.12855e-05	|	3.75987e-05	0
ME	0.12549	0	3.66773e-05	|	4.23527e-05	0
ME	0.15176	0	3.27941e-05	|	4.07661e-05	0
ME	0.18197	0	3.58626e-05	|	3.0803e-05	0
ME	0.21669	0	2.93963e-05	|	3.45886e-05	0
ME	0.25662	0	2.95373e-05	|	3.44218e-05	0
ME	0.30252	0	2.9378e-05	|	3.16786e-05	0
ME	0.3553	0	2.82593e-05	|	3.23708e-05	0
ME	0.41597	0	3.21189e-05	|	3.12438e-05	0
ME	0.48573	0	3.24602e-05	|	3.32729e-05	0
ME	0.56593	0	3.13133e-05	|	3.2512e-05	0
ME	0.65814	0	3.02717e-05	|	3.14613e-05	0
ME	0.76415	0	3.26557e-05	|	3.04041e-05	0
ME	0.88604	0	3.34994e-05	|	2.92107e-05	0
ME	1.02617	0	3.09848e-05	|	2.97907e-05	0
ME	1.18728	0	3.00684e-05	|	2.96368e-05	0
ME	1.37251	0	2.89771e-05	|	3.0861e-05	0
ME	1.58546	0	2.66097e-05	|	3.21635e-05	0
ME	1.8303	0	3.10265e-05	|	3.16496e-05	0
ME	2.11179	0	3.53517e-05	|	3.57184e-05	0
ME	2.80751	0	2.3935e-05	|	2.52999e-05	0
NE	0	0.510919	0.291915
NE	0.01609	0.192854	0.160927
NE	0.02599	0.227677	0.194358
NE	0.03736	0.270008	0.385594
NE	0.05044	0.576616	0.607643
NE	0.06548	0.903841	0.942367
NE	0.08276	1.10559	1.06659
NE	0.10264	1.2416	1.29579
NE	0.12549	1.41651	1.4986
NE	0.15176	1.18912	1.27783
NE	0.18197	1.09274	0.992938
NE	0.21669	0.884605	0.932424
NE	0.25662	0.757283	0.742001
NE	0.30252	0.645051	0.6502
NE	0.3553	0.525042	0.538174
NE	0.41597	0.476125	0.475101
NE	0.48573	0.403625	0.426172
NE	0.56593	0.373276	0.362321
NE	0.65814	0.332277	0.32224
NE	0.76415	0.307812	0.313525
NE	0.88604	0.319152	0.318541
NE	1.02617	0.314528	0.332193
NE	1.18728	0.316742	0.320387
NE	1.37251	0.351235	0.316788
NE	1.58546	0.254501	0.265465
NE	1.8303	0.228389	0.226624
NE	2.11179	0.141026	0.12982
NE	2.80751	0.586354	0.763106
=========
RE	2.84127e-08
ME	0	0	0.0001091	|	0.00015102	0
ME	0.01609	0	0.000136381	|	0.00014188	0
ME	0.02599	0	7.43216e-05	|	0.000151454	0
ME	0.03736	0	6.88876e-05	|	0.000103557	0
ME	0.05044	0	5.25279e-05	|	7.57653e-05	0
ME	0.06548	0	3.944e-05	|	6.91927e-05	0
ME	0.08276	0	3.46519e-05	|	5.75573e-05	0
ME	0.10264	0	4.13265e-05	|	5.10559e-05	0
ME	0.12549	0	3.53403e-05	|	5.4692e-05	0
ME	0.15176	0	3.26369e-05	|	4.96748e-05	0
ME	0.18197	0	3.46327e-05	|	3.56742e-05	0
ME	0.21669	0	2.7482e-05	|	4.02591e-05	0
ME	0.25662	0	2.90159e-05	|	3.93734e-05	0
ME	0.30252	0	2.99519e-05	|	3.58121e-05	0
ME	0.3553	0	2.9978e-05	|	3.57162e-05	0
ME	0.41597	0	3.38551e-05	|	3.44097e-05	0
ME	0.48573	0	3.59777e-05	|	3.70387e-05	0
ME	0.56593	0	3.53807e-05	|	3.49212e-05	0
ME	0.65814	0	3.394e-05	|	3.52987e-05	0
ME	0.76415	0	3.5908e-05	|	3.40276e-05	0
ME	0.88604	0	3.81052e-05	|	3.19772e-05	0
ME	1.02617	0	3.69534e-05	|	3.31023e-05	0
ME	1.18728	0	3.37413e-05	|	3.19876e-05	0
ME	1.37251	0	3.11305e-05	|	3.30745e-05	0
ME	1.58546	0	3.0044e-05	|	3.47764e-05	0
ME	1.8303	0	3.56826e-05	|	3.46391e-05	0
ME	2.11179	0	4.0985e-05	|	4.00143e-05	0
ME	2.80751	0	2.56361e-05	|	2.46787e-05	0
NE	0	0.56574	0.310853
NE	0.01609	0.215413	0.180367
NE	0.02599	0.25873	0.213019
NE	0.03736	0.292071	0.413635
NE	0.05044	0.587507	0.586724
NE	0.06548	0.87073	0.934081
NE	0.08276	1.01272	1.01602
NE	0.10264	1.1479	1.26751
NE	0.12549	1.29355	1.30743
NE	0.15176	1.09328	1.1651
NE	0.18197	0.977825	0.905972
NE	0.21669	0.779151	0.824682
NE	0.25662	0.677918	0.670939
NE	0.30252	0.587018	0.577206
NE	0.3553	0.462148	0.492226
NE	0.41597	0.417388	0.426859
NE	0.48573	0.357587	0.386294
NE	0.56593	0.327714	0.319084
NE	0.65814	0.297548	0.278188
NE	0.76415	0.273581	0.275783
NE	0.88604	0.287966	0.286834
NE	1.02617	0.27161	0.289243
NE	1.18728	0.271961	0.289495
NE	1.37251	0.328335	0.276262
NE	1.58546	0.240643	0.243097
NE	1.8303	0.219641	0.204022
NE	2.11179	0.132987	0.119812
NE	2.80751	0.5707	0.717539
=========
RE	3.53249e-08
ME	0	0	0.000113408	|	0.000217286	0
ME	0.01609	0	0.00014841	|	0.000221102	0
ME	0.02599	0	6.87615e-05	|	0.00022334	0
ME	0.03736	0	6.74969e-05	|	0.000148691	0
ME	0.05044	0	4.95563e-05	|	9.95574e-05	0
ME	0.06548	0	3.45038e-05	|	9.1777e-05	0
ME	0.08276	0	3.52963e-05	|	7.96346e-05	0
ME	0.10264	0	3.66888e-05	|	6.25012e-05	0
ME	0.12549	0	3.27286e-05	|	6.83493e-05	0
ME	0.15176	0	2.83922e-05	|	6.23296e-05	0
ME	0.18197	0	3.05246e-05	|	4.39794e-05	0
ME	0.21669	0	2.50786e-05	|	4.84706e-05	0
ME	0.25662	0	2.76086e-05	|	4.54238e-05	0
ME	0.30252	0	2.92546e-05	|	4.04158e-05	0
ME	0.3553	0	3.06508e-05	|	3.93477e-05	0
ME	0.41597	0	3.45172e-05	|	3.62903e-05	0
ME	0.48573	0	3.84959e-05	|	3.83309e-05	0
ME	0.56593	0	3.91799e-05	|	3.64178e-05	0
ME	0.65814	0	3.78957e-05	|	3.77047e-05	0
ME	0.76415	0	3.95974e-05	|	3.63951e-05	0
ME	0.88604	0	4.18158e-05	|	3.38076e-05	0
ME	1.02617	0	3.98904e-05	|	3.53706e-05	0
ME	1.18728	0	3.58863e-05	|	3.38266e-05	0
ME	1.37251	0	3.3787e-05	|	3.37697e-05	0
ME	1.58546	0	3.1144e-05	|	3.58311e-05	0
ME	1.8303	0	3.75559e-05	|	3.63335e-05	0
ME	2.11179	0	4.5308e-05	|	4.42197e-05	0
ME	2.80751	0	2.57132e-05	|	2.43807e-05	0
NE	0	0.553328	0.328241
NE	0.01609	0.230767	0.196039
NE	0.02599	0.273251	0.229431
NE	0.03736	0.296878	0.434171
NE	0.05044	0.574772	0.585284
NE	0.06548	0.830472	0.884862
NE	0.08276	0.950307	0.970241
NE	0.10264	1.07451	1.18395
NE	0.12549	1.20809	1.20864
NE	0.15176	0.989713	1.05582
NE	0.18197	0.888848	0.816547
NE	0.21669	0.701082	0.739471
NE	0.25662	0.602958	0.614002
NE	0.30252	0.517724	0.523099
NE	0.3553	0.413824	0.446775
NE	0.41597	0.371993	0.393616
NE	0.48573	0.320588	0.35555
NE	0.56593	0.292004	0.28809
NE	0.65814	0.265093	0.251103
NE	0.76415	0.245663	0.249405
NE	0.88604	0.253135	0.259713
NE	1.02617	0.253251	0.265126
NE	1.18728	0.256363	0.26853
NE	1.37251	0.303636	0.25521
NE	1.58546	0.224094	0.241956
NE	1.8303	0.211875	0.208519
NE	2.11179	0.121122	0.115703
NE	2.80751	0.488241	0.645793
