=========
RE	1e-08
ME	0	0	0	|	0	0
ME	0.01609	0	0	|	0	0
ME	0.02599	0	2.5e-05	|	2.5e-05	0
ME	0.03736	0	2.5e-05	|	2.5e-05	0
ME	0.05044	0	2.5e-05	|	2.5e-05	0
ME	0.06548	0	0	|	2.5e-05	0
ME	0.08276	0	0	|	2.5e-05	0
ME	0.10264	0	0	|	2.5e-05	0
ME	0.12549	0	0	|	2.5e-05	0
ME	0.15176	0	0	|	2.5e-05	0
ME	0.18197	0	0	|	2.5e-05	0
ME	0.21669	0	0	|	2.5e-05	0
ME	0.25662	0	0	|	2.5e-05	0
ME	0.30252	0	0	|	2.5e-05	0
ME	0.3553	0	0	|	2.5e-05	0
ME	0.41597	0	0	|	2.5e-05	0
ME	0.48573	0	0	|	2.5e-05	0
ME	0.56593	0	0	|	2.5e-05	0
ME	0.65814	0	0	|	2.5e-05	0
ME	0.76415	0	0	|	2.5e-05	0
ME	0.88604	0	0	|	2.5e-05	0
ME	1.02617	0	0	|	2.5e-05	0
ME	1.18728	0	0	|	2.5e-05	0
ME	1.37251	0	0	|	2.5e-05	0
ME	1.58546	0	0	|	2.5e-05	0
ME	1.8303	0	0	|	2.5e-05	0
ME	2.11179	0	0	|	2.5e-05	0
ME	2.80751	0	0	|	2.5e-05	0
NE	0	0.3033	0.16222
NE	0.01609	0.12107	0.08878
NE	0.02599	0.14003	0.12348
NE	0.03736	0.18508	0.2708
NE	0.05044	0.49165	0.4555
NE	0.06548	0.82661	0.82661
NE	0.08276	1.14354	1.14354
NE	0.10264	1.34444	1.34444
NE	0.12549	1.65399	1.65399
NE	0.15176	1.45277	1.45277
NE	0.18197	1.22545	1.22545
NE	0.21669	1.07908	1.07908
NE	0.25662	0.89271	0.89271
NE	0.30252	0.77217	0.77217
NE	0.3553	0.660175	0.660175
NE	0.41597	0.60433	0.60433
NE	0.48573	0.52659	0.52659
NE	0.56593	0.486485	0.486485
NE	0.65814	0.44161	0.44161
NE	0.76415	0.428955	0.428955
NE	0.88604	0.436955	0.436955
NE	1.02617	0.444125	0.444125
NE	1.18728	0.43693	0.43693
NE	1.37251	0.42752	0.42752
NE	1.58546	0.33723	0.33723
NE	1.8303	0.258485	0.258485
NE	2.11179	0.161405	0.161405
NE	2.80751	0.99263	0.99263
=========
RE	1.70344e-08
ME	0	0	0	|	0	0
ME	0.01609	0	0	|	0	0
ME	0.02599	0	4.16231e-05	|	4.81404e-05	0
ME	0.03736	0	3.27607e-05	|	2.87489e-05	0
ME	0.05044	0	2.15863e-05	|	2.73046e-05	0
ME	0.06548	0	0	|	0	0
ME	0.08276	0	0	|	0	0
ME	0.10264	0	0	|	0	0
ME	0.12549	0	0	|	0	0
ME	0.15176	0	0	|	0	0
ME	0.18197	0	0	|	0	0
ME	0.21669	0	0	|	0	0
ME	0.25662	0	0	|	0	0
ME	0.30252	0	0	|	0	0
ME	0.3553	0	0	|	0	0
ME	0.41597	0	0	|	0	0
ME	0.48573	0	0	|	0	0
ME	0.56593	0	0	|	0	0
ME	0.65814	0	0	|	0	0
ME	0.76415	0	0	|	0	0
ME	0.88604	0	0	|	0	0
ME	1.02617	0	0	|	0	0
ME	1.18728	0	0	|	0	0
ME	1.37251	0	0	|	0	0
ME	1.58546	0	0	|	0	0
ME	1.8303	0	0	|	0	0
ME	2.11179	0	0	|	0	0
ME	2.80751	0	0	|	0	0
NE	0	0.44299	0.247946
NE	0.01609	0.188075	0.13147
NE	0.02599	0.216644	0.187046
NE	0.03736	0.287128	0.437602
NE	0.05044	0.766897	0.596769
NE	0.06548	0.758185	0.3033
NE	0.08276	1.08559	0.3033
NE	0.10264	1.30819	0.3033
NE	0.12549	1.64431	0.3033
NE	0.15176	1.46455	0.3033
NE	0.18197	1.22886	0.3033
NE	0.21669	1.06086	0.3033
NE	0.25662	0.891734	0.3033
NE	0.30252	0.774504	0.3033
NE	0.3553	0.650065	0.3033
NE	0.41597	0.575889	0.3033
NE	0.48573	0.498621	0.3033
NE	0.56593	0.46584	0.3033
NE	0.65814	0.407157	0.3033
NE	0.76415	0.395229	0.3033
NE	0.88604	0.406125	0.3033
NE	1.02617	0.405402	0.3033
NE	1.18728	0.419381	0.3033
NE	1.37251	0.388211	0.3033
NE	1.58546	0.299109	0.3033
NE	1.8303	0.220707	0.3033
NE	2.11179	0.171933	0.3033
NE	2.80751	0.3033	0.3033
=========
RE	2.56639e-08
ME	0	0	0	|	0	0
ME	0.01609	0	0	|	0	0
ME	0.02599	0	5.77483e-05	|	6.14423e-05	0
ME	0.03736	0	3.87659e-05	|	3.02041e-05	0
ME	0.05044	0	1.96907e-05	|	2.7368e-05	0
ME	0.06548	0	0	|	0	0
ME	0.08276	0	0	|	0	0
ME	0.10264	0	0	|	0	0
ME	0.12549	0	0	|	0	0
ME	0.15176	0	0	|	0	0
ME	0.18197	0	0	|	0	0
ME	0.21669	0	0	|	0	0
ME	0.25662	0	0	|	0	0
ME	0.30252	0	0	|	0	0
ME	0.3553	0	0	|	0	0
ME	0.41597	0	0	|	0	0
ME	0.48573	0	0	|	0	0
ME	0.56593	0	0	|	0	0
ME	0.65814	0	0	|	0	0
ME	0.76415	0	0	|	0	0
ME	0.88604	0	0	|	0	0
ME	1.02617	0	0	|	0	0
ME	1.18728	0	0	|	0	0
ME	1.37251	0	0	|	0	0
ME	1.58546	0	0	|	0	0
ME	1.8303	0	0	|	0	0
ME	2.11179	0	0	|	0	0
ME	2.80751	0	0	|	0	0
NE	0	0.559851	0.317166
NE	0.01609	0.241327	0.191965
NE	0.02599	0.294375	0.248085
NE	0.03736	0.363037	0.586688
NE	0.05044	1.0347	0.79345
NE	0.06548	0.712757	0.3033
NE	0.08276	1.04851	0.3033
NE	0.10264	1.27062	0.3033
NE	0.12549	1.58883	0.3033
NE	0.15176	1.39813	0.3033
NE	0.18197	1.17988	0.3033
NE	0.21669	1.03475	0.3033
NE	0.25662	0.849505	0.3033
NE	0.30252	0.741826	0.3033
NE	0.3553	0.631824	0.3033
NE	0.41597	0.545955	0.3033
NE	0.48573	0.468414	0.3033
NE	0.56593	0.446214	0.3033
NE	0.65814	0.383487	0.3033
NE	0.76415	0.377528	0.3033
NE	0.88604	0.389737	0.3033
NE	1.02617	0.387413	0.3033
NE	1.18728	0.390538	0.3033
NE	1.37251	0.397611	0.3033
NE	1.58546	0.307309	0.3033
NE	1.8303	0.221122	0.3033
NE	2.11179	0.159574	0.3033
NE	2.80751	0.145958	0.3033
=========
RE	3.46326e-08
ME	0	0	0	|	0	0
ME	0.01609	0	0	|	0	0
ME	0.02599	0	7.71094e-05	|	9.36007e-05	0
ME	0.03736	0	4.24322e-05	|	2.97239e-05	0
ME	0.05044	0	1.91023e-05	|	3.1443e-05	0
ME	0.06548	0	0	|	0	0
ME	0.08276	0	0	|	0	0
ME	0.10264	0	0	|	0	0
ME	0.12549	0	0	|	0	0
ME	0.15176	0	0	|	0	0
ME	0.18197	0	0	|	0	0
ME	0.21669	0	0	|	0	0
ME	0.25662	0	0	|	0	0
ME	0.30252	0	0	|	0	0
ME	0.3553	0	0	|	0	0
ME	0.41597	0	0	|	0	0
ME	0.48573	0	0	|	0	0
ME	0.56593	0	0	|	0	0
ME	0.65814	0	0	|	0	0
ME	0.76415	0	0	|	0	0
ME	0.88604	0	0	|	0	0
ME	1.02617	0	0	|	0	0
ME	1.18728	0	0	|	0	0
ME	1.37251	0	0	|	0	0
ME	1.58546	0	0	|	0	0
ME	1.8303	0	0	|	0	0
ME	2.11179	0	0	|	0	0
ME	2.80751	0	0	|	0	0
NE	0	0.68234	0.337893
NE	0.01609	0.293429	0.24189
NE	0.02599	0.338071	0.319041
NE	0.03736	0.444564	0.792824
NE	0.05044	1.25196	0.999392
NE	0.06548	0.655508	0.3033
NE	0.08276	0.997141	0.3033
NE	0.10264	1.19794	0.3033
NE	0.12549	1.49452	0.3033
NE	0.15176	1.31426	0.3033
NE	0.18197	1.12696	0.3033
NE	0.21669	0.959994	0.3033
NE	0.25662	0.804485	0.3033
NE	0.30252	0.701327	0.3033
NE	0.3553	0.595877	0.3033
NE	0.41597	0.507598	0.3033
NE	0.48573	0.441055	0.3033
NE	0.56593	0.429274	0.3033
NE	0.65814	0.37247	0.3033
NE	0.76415	0.363532	0.3033
NE	0.88604	0.370769	0.3033
NE	1.02617	0.37935	0.3033
NE	1.18728	0.368122	0.3033
NE	1.37251	0.381572	0.3033
NE	1.58546	0.299355	0.3033
NE	1.8303	0.226239	0.3033
NE	2.11179	0.123207	0.3033
NE	2.80751	0.3033	0.3033
=========
RE	4.32053e-08
ME	0	0	0	|	0	0
ME	0.01609	0	0	|	0	0
ME	0.02599	0	9.60618e-05	|	0.000124023	0
ME	0.03736	0	4.14299e-05	|	3.14035e-05	0
ME	0.05044	0	1.73447e-05	|	3.47049e-05	0
ME	0.06548	0	0	|	0	0
ME	0.08276	0	0	|	0	0
ME	0.10264	0	0	|	0	0
ME	0.12549	0	0	|	0	0
ME	0.15176	0	0	|	0	0
ME	0.18197	0	0	|	0	0
ME	0.21669	0	0	|	0	0
ME	0.25662	0	0	|	0	0
ME	0.30252	0	0	|	0	0
ME	0.3553	0	0	|	0	0
ME	0.41597	0	0	|	0	0
ME	0.48573	0	0	|	0	0
ME	0.56593	0	0	|	0	0
ME	0.65814	0	0	|	0	0
ME	0.76415	0	0	|	0	0
ME	0.88604	0	0	|	0	0
ME	1.02617	0	0	|	0	0
ME	1.18728	0	0	|	0	0
ME	1.37251	0	0	|	0	0
ME	1.58546	0	0	|	0	0
ME	1.8303	0	0	|	0	0
ME	2.11179	0	0	|	0	0
ME	2.80751	0	0	|	0	0
NE	0	0.665882	0.360998
NE	0.01609	0.329694	0.287061
NE	0.02599	0.391639	0.376777
NE	0.03736	0.484624	0.870762
NE	0.05044	1.37937	1.11019
NE	0.06548	0.603902	0.3033
NE	0.08276	0.90886	0.3033
NE	0.10264	1.11762	0.3033
NE	0.12549	1.40587	0.3033
NE	0.15176	1.21548	0.3033
NE	0.18197	1.04989	0.3033
NE	0.21669	0.894244	0.3033
NE	0.25662	0.755156	0.3033
NE	0.30252	0.658048	0.3033
NE	0.3553	0.562292	0.3033
NE	0.41597	0.481855	0.3033
NE	0.48573	0.41968	0.3033
NE	0.56593	0.410258	0.3033
NE	0.65814	0.355426	0.3033
NE	0.76415	0.354674	0.3033
NE	0.88604	0.356848	0.3033
NE	1.02617	0.368436	0.3033
NE	1.18728	0.367724	0.3033
NE	1.37251	0.393853	0.3033
NE	1.58546	0.304756	0.3033
NE	1.8303	0.205534	0.3033
NE	2.11179	0.0705118	0.3033
NE	2.80751	0.3033	0.3033
