=========
RE	1e-08
ME	0	0	2.5e-05	|	2.5e-05	0
ME	0.01609	0	2.5e-05	|	2.5e-05	0
ME	0.02599	0	2.5e-05	|	2.5e-05	0
ME	0.03736	0	2.5e-05	|	2.5e-05	0
ME	0.05044	0	2.5e-05	|	2.5e-05	0
ME	0.06548	0	2.5e-05	|	2.5e-05	0
ME	0.08276	0	2.5e-05	|	2.5e-05	0
ME	0.10264	0	2.5e-05	|	2.5e-05	0
ME	0.12549	0	2.5e-05	|	2.5e-05	0
ME	0.15176	0	2.5e-05	|	2.5e-05	0
ME	0.18197	0	2.5e-05	|	2.5e-05	0
ME	0.21669	0	2.5e-05	|	2.5e-05	0
ME	0.25662	0	2.5e-05	|	2.5e-05	0
ME	0.30252	0	2.5e-05	|	2.5e-05	0
ME	0.3553	0	2.5e-05	|	2.5e-05	0
ME	0.41597	0	2.5e-05	|	2.5e-05	0
ME	0.48573	0	2.5e-05	|	2.5e-05	0
ME	0.56593	0	2.5e-05	|	2.5e-05	0
ME	0.65814	0	2.5e-05	|	2.5e-05	0
ME	0.76415	0	2.5e-05	|	2.5e-05	0
ME	0.88604	0	2.5e-05	|	2.5e-05	0
ME	1.02617	0	2.5e-05	|	2.5e-05	0
ME	1.18728	0	2.5e-05	|	2.5e-05	0
ME	1.37251	0	2.5e-05	|	2.5e-05	0
ME	1.58546	0	2.5e-05	|	2.5e-05	0
ME	1.8303	0	2.5e-05	|	2.5e-05	0
ME	2.11179	0	2.5e-05	|	2.5e-05	0
ME	2.80751	0	2.5e-05	|	2.5e-05	0
NE	0	0.3033	0.16222
NE	0.01609	0.12107	0.08878
NE	0.02599	0.14003	0.12348
NE	0.03736	0.18508	0.2708
NE	0.05044	0.49165	0.4555
NE	0.06548	0.82661	0.82661
NE	0.08276	1.14354	1.14354
NE	0.10264	1.34444	1.34444
NE	0.12549	1.65399	1.65399
NE	0.15176	1.45277	1.45277
NE	0.18197	1.22545	1.22545
NE	0.21669	1.07908	1.07908
NE	0.25662	0.89271	0.89271
NE	0.30252	0.77217	0.77217
NE	0.3553	0.660175	0.660175
NE	0.41597	0.60433	0.60433
NE	0.48573	0.52659	0.52659
NE	0.56593	0.486485	0.486485
NE	0.65814	0.44161	0.44161
NE	0.76415	0.428955	0.428955
NE	0.88604	0.436955	0.436955
NE	1.02617	0.444125	0.444125
NE	1.18728	0.43693	0.43693
NE	1.37251	0.42752	0.42752
NE	1.58546	0.33723	0.33723
NE	1.8303	0.258485	0.258485
NE	2.11179	0.161405	0.161405
NE	2.80751	0.99263	0.99263
=========
RE	1.53743e-08
ME	0	0	4.45483e-05	|	6.46458e-05	0
ME	0.01609	0	5.02737e-05	|	5.91361e-05	0
ME	0.02599	0	5.68257e-05	|	5.01291e-05	0
ME	0.03736	0	4.87123e-05	|	4.82056e-05	0
ME	0.05044	0	3.32577e-05	|	4.57228e-05	0
ME	0.06548	0	4.21402e-05	|	4.43191e-05	0
ME	0.08276	0	3.42172e-05	|	3.53232e-05	0
ME	0.10264	0	3.33497e-05	|	3.3903e-05	0
ME	0.12549	0	3.17427e-05	|	3.19619e-05	0
ME	0.15176	0	2.94964e-05	|	3.24642e-05	0
ME	0.18197	0	3.00789e-05	|	3.16037e-05	0
ME	0.21669	0	3.01472e-05	|	2.89974e-05	0
ME	0.25662	0	2.85031e-05	|	2.99983e-05	0
ME	0.30252	0	2.78332e-05	|	2.95685e-05	0
ME	0.3553	0	2.73717e-05	|	2.89729e-05	0
ME	0.41597	0	2.77357e-05	|	2.80541e-05	0
ME	0.48573	0	2.71859e-05	|	2.85248e-05	0
ME	0.56593	0	2.85941e-05	|	2.83314e-05	0
ME	0.65814	0	2.86289e-05	|	2.88624e-05	0
ME	0.76415	0	2.99884e-05	|	2.72615e-05	0
ME	0.88604	0	3.04201e-05	|	2.72708e-05	0
ME	1.02617	0	2.84431e-05	|	2.93524e-05	0
ME	1.18728	0	2.87824e-05	|	2.79005e-05	0
ME	1.37251	0	2.6066e-05	|	2.73623e-05	0
ME	1.58546	0	2.76533e-05	|	2.74548e-05	0
ME	1.8303	0	2.6466e-05	|	3.05455e-05	0
ME	2.11179	0	3.22968e-05	|	2.96393e-05	0
ME	2.80751	0	2.5782e-05	|	2.49847e-05	0
NE	0	0.412222	0.215915
NE	0.01609	0.167054	0.124131
NE	0.02599	0.188967	0.171271
NE	0.03736	0.2401	0.36691
NE	0.05044	0.549577	0.502741
NE	0.06548	0.94231	0.88236
NE	0.08276	1.1628	1.18454
NE	0.10264	1.37543	1.3514
NE	0.12549	1.50335	1.55494
NE	0.15176	1.32678	1.41918
NE	0.18197	1.12547	1.15925
NE	0.21669	1.022	0.996548
NE	0.25662	0.834332	0.834303
NE	0.30252	0.697836	0.729876
NE	0.3553	0.606137	0.626315
NE	0.41597	0.549921	0.54184
NE	0.48573	0.462291	0.462626
NE	0.56593	0.415006	0.419149
NE	0.65814	0.374285	0.377997
NE	0.76415	0.364723	0.368578
NE	0.88604	0.360695	0.36071
NE	1.02617	0.36174	0.35337
NE	1.18728	0.360336	0.366788
NE	1.37251	0.365733	0.354984
NE	1.58546	0.285533	0.302006
NE	1.8303	0.22539	0.250782
NE	2.11179	0.152266	0.142715
NE	2.80751	0.79339	0.806316
=========
RE	2.17201e-08
ME	0	0	7.33798e-05	|	0.000104853	0
ME	0.01609	0	7.69538e-05	|	0.000100915	0
ME	0.02599	0	7.92304e-05	|	7.9818e-05	0
ME	0.03736	0	7.17167e-05	|	7.07784e-05	0
ME	0.05044	0	4.50355e-05	|	6.19131e-05	0
ME	0.06548	0	4.68991e-05	|	6.05957e-05	0
ME	0.08276	0	3.68973e-05	|	4.26017e-05	0
ME	0.10264	0	3.86932e-05	|	4.41695e-05	0
ME	0.12549	0	3.49787e-05	|	3.95191e-05	0
ME	0.15176	0	3.16995e-05	|	3.87475e-05	0
ME	0.18197	0	3.38752e-05	|	3.72836e-05	0
ME	0.21669	0	3.22067e-05	|	3.20496e-05	0
ME	0.25662	0	3.12969e-05	|	3.4445e-05	0
ME	0.30252	0	2.92499e-05	|	3.24306e-05	0
ME	0.3553	0	2.86312e-05	|	3.13088e-05	0
ME	0.41597	0	2.93724e-05	|	3.04419e-05	0
ME	0.48573	0	3.12058e-05	|	3.10778e-05	0
ME	0.56593	0	3.29245e-05	|	3.24561e-05	0
ME	0.65814	0	3.19989e-05	|	3.26776e-05	0
ME	0.76415	0	3.37395e-05	|	3.04507e-05	0
ME	0.88604	0	3.51907e-05	|	2.89439e-05	0
ME	1.02617	0	3.26822e-05	|	3.28898e-05	0
ME	1.18728	0	3.18054e-05	|	3.05169e-05	0
ME	1.37251	0	2.81161e-05	|	3.16327e-05	0
ME	1.58546	0	3.16961e-05	|	3.0669e-05	0
ME	1.8303	0	2.89737e-05	|	3.30239e-05	0
ME	2.11179	0	3.59661e-05	|	3.45988e-05	0
ME	2.80751	0	2.76565e-05	|	2.70199e-05	0
NE	0	0.48712	0.288093
NE	0.01609	0.196885	0.161795
NE	0.02599	0.239708	0.214082
NE	0.03736	0.270271	0.402769
NE	0.05044	0.587086	0.562121
NE	0.06548	0.936858	0.890726
NE	0.08276	1.10363	1.15176
NE	0.10264	1.29963	1.26417
NE	0.12549	1.44076	1.40685
NE	0.15176	1.21987	1.32406
NE	0.18197	0.98647	1.06944
NE	0.21669	0.905851	0.908807
NE	0.25662	0.741799	0.750908
NE	0.30252	0.620424	0.669788
NE	0.3553	0.541446	0.570269
NE	0.41597	0.489199	0.492471
NE	0.48573	0.409979	0.410807
NE	0.56593	0.362477	0.368645
NE	0.65814	0.328656	0.32341
NE	0.76415	0.323073	0.322776
NE	0.88604	0.304345	0.310442
NE	1.02617	0.316406	0.30737
NE	1.18728	0.307269	0.3134
NE	1.37251	0.326733	0.311558
NE	1.58546	0.273837	0.277372
NE	1.8303	0.20451	0.222462
NE	2.11179	0.132073	0.139049
NE	2.80751	0.666176	0.714374
=========
RE	2.85171e-08
ME	0	0	9.70559e-05	|	0.000154224	0
ME	0.01609	0	0.000111706	|	0.000152876	0
ME	0.02599	0	0.000102203	|	0.000119408	0
ME	0.03736	0	8.16479e-05	|	0.00010507	0
ME	0.05044	0	5.08464e-05	|	7.90416e-05	0
ME	0.06548	0	4.94568e-05	|	7.37093e-05	0
ME	0.08276	0	4.0211e-05	|	5.22741e-05	0
ME	0.10264	0	4.10702e-05	|	5.39337e-05	0
ME	0.12549	0	3.40643e-05	|	4.95016e-05	0
ME	0.15176	0	3.11802e-05	|	4.47461e-05	0
ME	0.18197	0	3.14793e-05	|	4.33773e-05	0
ME	0.21669	0	3.16836e-05	|	3.69704e-05	0
ME	0.25662	0	3.14629e-05	|	3.8328e-05	0
ME	0.30252	0	2.96854e-05	|	3.68734e-05	0
ME	0.3553	0	2.94488e-05	|	3.46e-05	0
ME	0.41597	0	3.11995e-05	|	3.3793e-05	0
ME	0.48573	0	3.42072e-05	|	3.46532e-05	0
ME	0.56593	0	3.79108e-05	|	3.50943e-05	0
ME	0.65814	0	3.67673e-05	|	3.54932e-05	0
ME	0.76415	0	3.82688e-05	|	3.28715e-05	0
ME	0.88604	0	3.9816e-05	|	3.13693e-05	0
ME	1.02617	0	3.59175e-05	|	3.57848e-05	0
ME	1.18728	0	3.44323e-05	|	3.45374e-05	0
ME	1.37251	0	3.17236e-05	|	3.4998e-05	0
ME	1.58546	0	3.17742e-05	|	3.2328e-05	0
ME	1.8303	0	3.23494e-05	|	3.72814e-05	0
ME	2.11179	0	3.73641e-05	|	3.88434e-05	0
ME	2.80751	0	2.60658e-05	|	2.67695e-05	0
NE	0	0.564402	0.320771
NE	0.01609	0.22946	0.188655
NE	0.02599	0.268389	0.238174
NE	0.03736	0.289411	0.424383
NE	0.05044	0.594329	0.589712
NE	0.06548	0.926369	0.875328
NE	0.08276	1.01594	1.08034
NE	0.10264	1.12934	1.12231
NE	0.12549	1.29857	1.30727
NE	0.15176	1.08508	1.18653
NE	0.18197	0.903547	0.96043
NE	0.21669	0.806676	0.820455
NE	0.25662	0.65488	0.669781
NE	0.30252	0.542784	0.600311
NE	0.3553	0.477313	0.515124
NE	0.41597	0.430647	0.42967
NE	0.48573	0.359397	0.365602
NE	0.56593	0.320752	0.325141
NE	0.65814	0.287567	0.285913
NE	0.76415	0.29042	0.288354
NE	0.88604	0.269059	0.276406
NE	1.02617	0.276219	0.27704
NE	1.18728	0.278231	0.274091
NE	1.37251	0.292548	0.275852
NE	1.58546	0.251735	0.247094
NE	1.8303	0.19968	0.211746
NE	2.11179	0.12465	0.130875
NE	2.80751	0.625369	0.592788
