=========
RE	1e-08
ME	0	0	2.5e-05	|	2.5e-05	0
ME	0.01609	0	2.5e-05	|	2.5e-05	0
ME	0.02599	0	2.5e-05	|	2.5e-05	0
ME	0.03736	0	2.5e-05	|	2.5e-05	0
ME	0.05044	0	2.5e-05	|	2.5e-05	0
ME	0.06548	0	2.5e-05	|	2.5e-05	0
ME	0.08276	0	2.5e-05	|	2.5e-05	0
ME	0.10264	0	2.5e-05	|	2.5e-05	0
ME	0.12549	0	2.5e-05	|	2.5e-05	0
ME	0.15176	0	2.5e-05	|	2.5e-05	0
ME	0.18197	0	2.5e-05	|	2.5e-05	0
ME	0.21669	0	2.5e-05	|	2.5e-05	0
ME	0.25662	0	2.5e-05	|	2.5e-05	0
ME	0.30252	0	2.5e-05	|	2.5e-05	0
ME	0.3553	0	2.5e-05	|	2.5e-05	0
ME	0.41597	0	2.5e-05	|	2.5e-05	0
ME	0.48573	0	2.5e-05	|	2.5e-05	0
ME	0.56593	0	2.5e-05	|	2.5e-05	0
ME	0.65814	0	2.5e-05	|	2.5e-05	0
ME	0.76415	0	2.5e-05	|	2.5e-05	0
ME	0.88604	0	2.5e-05	|	2.5e-05	0
ME	1.02617	0	2.5e-05	|	2.5e-05	0
ME	1.18728	0	2.5e-05	|	2.5e-05	0
ME	1.37251	0	2.5e-05	|	2.5e-05	0
ME	1.58546	0	2.5e-05	|	2.5e-05	0
ME	1.8303	0	2.5e-05	|	2.5e-05	0
ME	2.11179	0	2.5e-05	|	2.5e-05	0
ME	2.80751	0	2.5e-05	|	2.5e-05	0
NE	0	0.3033	0.16222
NE	0.01609	0.12107	0.08878
NE	0.02599	0.14003	0.12348
NE	0.03736	0.18508	0.2708
NE	0.05044	0.49165	0.4555
NE	0.06548	0.82661	0.82661
NE	0.08276	1.14354	1.14354
NE	0.10264	1.34444	1.34444
NE	0.12549	1.65399	1.65399
NE	0.15176	1.45277	1.45277
NE	0.18197	1.22545	1.22545
NE	0.21669	1.07908	1.07908
NE	0.25662	0.89271	0.89271
NE	0.30252	0.77217	0.77217
NE	0.3553	0.660175	0.660175
NE	0.41597	0.60433	0.60433
NE	0.48573	0.52659	0.52659
NE	0.56593	0.486485	0.486485
NE	0.65814	0.44161	0.44161
NE	0.76415	0.428955	0.428955
NE	0.88604	0.436955	0.436955
NE	1.02617	0.444125	0.444125
NE	1.18728	0.43693	0.43693
NE	1.37251	0.42752	0.42752
NE	1.58546	0.33723	0.33723
NE	1.8303	0.258485	0.258485
NE	2.11179	0.161405	0.161405
NE	2.80751	0.99263	0.99263
=========
RE	1.55473e-08
ME	0	0	6.61298e-05	|	5.85829e-05	0
ME	0.01609	0	6.18304e-05	|	6.0032e-05	0
ME	0.02599	0	4.00667e-05	|	5.67553e-05	0
ME	0.03736	0	4.62928e-05	|	4.14899e-05	0
ME	0.05044	0	3.52034e-05	|	4.46978e-05	0
ME	0.06548	0	3.54961e-05	|	3.52718e-05	0
ME	0.08276	0	3.63751e-05	|	4.24733e-05	0
ME	0.10264	0	3.12601e-05	|	3.59143e-05	0
ME	0.12549	0	3.32023e-05	|	3.43672e-05	0
ME	0.15176	0	3.02941e-05	|	3.17315e-05	0
ME	0.18197	0	2.94347e-05	|	3.18731e-05	0
ME	0.21669	0	2.9014e-05	|	3.09369e-05	0
ME	0.25662	0	2.93402e-05	|	2.89337e-05	0
ME	0.30252	0	2.67995e-05	|	2.78536e-05	0
ME	0.3553	0	2.8843e-05	|	2.68724e-05	0
ME	0.41597	0	2.82653e-05	|	2.78853e-05	0
ME	0.48573	0	2.87643e-05	|	2.84466e-05	0
ME	0.56593	0	2.88278e-05	|	2.83531e-05	0
ME	0.65814	0	2.95929e-05	|	2.89771e-05	0
ME	0.76415	0	2.87836e-05	|	2.86691e-05	0
ME	0.88604	0	2.91919e-05	|	2.89667e-05	0
ME	1.02617	0	2.98504e-05	|	2.79414e-05	0
ME	1.18728	0	3.00237e-05	|	2.75002e-05	0
ME	1.37251	0	2.87112e-05	|	2.69127e-05	0
ME	1.58546	0	2.70272e-05	|	2.73266e-05	0
ME	1.8303	0	2.63725e-05	|	3.02656e-05	0
ME	2.11179	0	3.20733e-05	|	3.18102e-05	0
ME	2.80751	0	2.53105e-05	|	2.4893e-05	0
NE	0	0.396747	0.222094
NE	0.01609	0.171558	0.115913
NE	0.02599	0.187289	0.172806
NE	0.03736	0.245418	0.340335
NE	0.05044	0.546952	0.542213
NE	0.06548	0.91975	0.859689
NE	0.08276	1.18072	1.15852
NE	0.10264	1.3302	1.3028
NE	0.12549	1.59492	1.58834
NE	0.15176	1.39793	1.3275
NE	0.18197	1.12487	1.13196
NE	0.21669	1.01302	1.00464
NE	0.25662	0.815778	0.850738
NE	0.30252	0.721958	0.705059
NE	0.3553	0.611765	0.615688
NE	0.41597	0.546237	0.554557
NE	0.48573	0.463087	0.461349
NE	0.56593	0.41439	0.424606
NE	0.65814	0.376451	0.370444
NE	0.76415	0.375262	0.359766
NE	0.88604	0.370462	0.366511
NE	1.02617	0.375068	0.366206
NE	1.18728	0.367448	0.362742
NE	1.37251	0.36631	0.371332
NE	1.58546	0.291795	0.307622
NE	1.8303	0.237819	0.231957
NE	2.11179	0.144288	0.148415
NE	2.80751	0.786696	0.75001
=========
RE	2.18744e-08
ME	0	0	0.00011485	|	9.29856e-05	0
ME	0.01609	0	0.000103365	|	0.000109087	0
ME	0.02599	0	5.86566e-05	|	8.00427e-05	0
ME	0.03736	0	6.31334e-05	|	7.13745e-05	0
ME	0.05044	0	4.78026e-05	|	6.76865e-05	0
ME	0.06548	0	4.42178e-05	|	4.49022e-05	0
ME	0.08276	0	4.41872e-05	|	5.44416e-05	0
ME	0.10264	0	3.63151e-05	|	4.73862e-05	0
ME	0.12549	0	3.70113e-05	|	4.21201e-05	0
ME	0.15176	0	3.25634e-05	|	3.77189e-05	0
ME	0.18197	0	3.17599e-05	|	3.66922e-05	0
ME	0.21669	0	3.03361e-05	|	3.51311e-05	0
ME	0.25662	0	3.17844e-05	|	3.21487e-05	0
ME	0.30252	0	2.85142e-05	|	2.91455e-05	0
ME	0.3553	0	3.2088e-05	|	3.05329e-05	0
ME	0.41597	0	2.94984e-05	|	3.05809e-05	0
ME	0.48573	0	3.2055e-05	|	3.13605e-05	0
ME	0.56593	0	3.30551e-05	|	3.29808e-05	0
ME	0.65814	0	3.25085e-05	|	3.19877e-05	0
ME	0.76415	0	3.19973e-05	|	3.27009e-05	0
ME	0.88604	0	3.3052e-05	|	3.24615e-05	0
ME	1.02617	0	3.40877e-05	|	3.14329e-05	0
ME	1.18728	0	3.42805e-05	|	3.03715e-05	0
ME	1.37251	0	3.15904e-05	|	2.76395e-05	0
ME	1.58546	0	3.20535e-05	|	2.83432e-05	0
ME	1.8303	0	3.10823e-05	|	3.3529e-05	0
ME	2.11179	0	3.64644e-05	|	3.80913e-05	0
ME	2.80751	0	2.24823e-05	|	2.57363e-05	0
NE	0	0.51166	0.276337
NE	0.01609	0.222391	0.144125
NE	0.02599	0.233938	0.215846
NE	0.03736	0.262654	0.37809
NE	0.05044	0.558698	0.586329
NE	0.06548	0.939637	0.916116
NE	0.08276	1.19471	1.10964
NE	0.10264	1.28664	1.29276
NE	0.12549	1.43603	1.47817
NE	0.15176	1.25493	1.18729
NE	0.18197	0.997535	1.02621
NE	0.21669	0.935576	0.915889
NE	0.25662	0.732574	0.756328
NE	0.30252	0.66007	0.643478
NE	0.3553	0.55315	0.551489
NE	0.41597	0.484324	0.497135
NE	0.48573	0.410899	0.401672
NE	0.56593	0.370268	0.368814
NE	0.65814	0.32452	0.323963
NE	0.76415	0.32081	0.316599
NE	0.88604	0.318167	0.319477
NE	1.02617	0.326866	0.311937
NE	1.18728	0.32568	0.322642
NE	1.37251	0.325136	0.324306
NE	1.58546	0.265344	0.276995
NE	1.8303	0.223424	0.216429
NE	2.11179	0.132289	0.137373
NE	2.80751	0.768537	0.625719
=========
RE	2.86452e-08
ME	0	0	0.000161489	|	0.000118333	0
ME	0.01609	0	0.000138126	|	0.000154152	0
ME	0.02599	0	7.68033e-05	|	0.000118451	0
ME	0.03736	0	7.58662e-05	|	9.92883e-05	0
ME	0.05044	0	5.53701e-05	|	8.61159e-05	0
ME	0.06548	0	4.95698e-05	|	5.76907e-05	0
ME	0.08276	0	4.72183e-05	|	6.43707e-05	0
ME	0.10264	0	3.70681e-05	|	5.68029e-05	0
ME	0.12549	0	3.74609e-05	|	4.90449e-05	0
ME	0.15176	0	3.25334e-05	|	4.178e-05	0
ME	0.18197	0	3.38948e-05	|	4.04747e-05	0
ME	0.21669	0	3.02745e-05	|	3.86032e-05	0
ME	0.25662	0	3.20829e-05	|	3.48171e-05	0
ME	0.30252	0	2.92312e-05	|	3.27276e-05	0
ME	0.3553	0	3.40305e-05	|	3.42432e-05	0
ME	0.41597	0	3.24203e-05	|	3.20837e-05	0
ME	0.48573	0	3.40209e-05	|	3.37371e-05	0
ME	0.56593	0	3.67461e-05	|	3.5154e-05	0
ME	0.65814	0	3.67644e-05	|	3.49886e-05	0
ME	0.76415	0	3.57803e-05	|	3.58774e-05	0
ME	0.88604	0	3.58621e-05	|	3.56644e-05	0
ME	1.02617	0	3.8595e-05	|	3.43259e-05	0
ME	1.18728	0	3.75916e-05	|	3.26616e-05	0
ME	1.37251	0	3.40158e-05	|	2.87243e-05	0
ME	1.58546	0	3.47913e-05	|	3.17858e-05	0
ME	1.8303	0	3.46048e-05	|	3.53259e-05	0
ME	2.11179	0	4.18253e-05	|	4.10853e-05	0
ME	2.80751	0	2.19987e-05	|	2.62826e-05	0
NE	0	0.567548	0.306425
NE	0.01609	0.250431	0.171443
NE	0.02599	0.263457	0.239794
NE	0.03736	0.28688	0.390995
NE	0.05044	0.570853	0.544705
NE	0.06548	0.912688	0.928619
NE	0.08276	1.052	1.01768
NE	0.10264	1.16203	1.24714
NE	0.12549	1.3293	1.3436
NE	0.15176	1.13403	1.08192
NE	0.18197	0.892285	0.936584
NE	0.21669	0.843374	0.828262
NE	0.25662	0.64738	0.688262
NE	0.30252	0.584318	0.582465
NE	0.3553	0.498374	0.502299
NE	0.41597	0.437221	0.437218
NE	0.48573	0.366341	0.35621
NE	0.56593	0.33163	0.329628
NE	0.65814	0.290573	0.287754
NE	0.76415	0.282817	0.283184
NE	0.88604	0.28675	0.282842
NE	1.02617	0.287324	0.274562
NE	1.18728	0.295448	0.284732
NE	1.37251	0.292688	0.289279
NE	1.58546	0.259542	0.263719
NE	1.8303	0.207122	0.208604
NE	2.11179	0.133023	0.132682
NE	2.80751	0.754127	0.560287
