=========
RE	1e-08
ME	0	0	0	|	0	0
ME	0.01609	0	0	|	0	0
ME	0.02599	0	2.5e-05	|	2.5e-05	0
ME	0.03736	0	2.5e-05	|	2.5e-05	0
ME	0.05044	0	2.5e-05	|	2.5e-05	0
ME	0.06548	0	0	|	2.5e-05	0
ME	0.08276	0	0	|	2.5e-05	0
ME	0.10264	0	0	|	2.5e-05	0
ME	0.12549	0	0	|	2.5e-05	0
ME	0.15176	0	0	|	2.5e-05	0
ME	0.18197	0	0	|	2.5e-05	0
ME	0.21669	0	0	|	2.5e-05	0
ME	0.25662	0	0	|	2.5e-05	0
ME	0.30252	0	0	|	2.5e-05	0
ME	0.3553	0	0	|	2.5e-05	0
ME	0.41597	0	0	|	2.5e-05	0
ME	0.48573	0	0	|	2.5e-05	0
ME	0.56593	0	0	|	2.5e-05	0
ME	0.65814	0	0	|	2.5e-05	0
ME	0.76415	0	0	|	2.5e-05	0
ME	0.88604	0	0	|	2.5e-05	0
ME	1.02617	0	0	|	2.5e-05	0
ME	1.18728	0	0	|	2.5e-05	0
ME	1.37251	0	0	|	2.5e-05	0
ME	1.58546	0	0	|	2.5e-05	0
ME	1.8303	0	0	|	2.5e-05	0
ME	2.11179	0	0	|	2.5e-05	0
ME	2.80751	0	0	|	2.5e-05	0
NE	0	0	0.16222
NE	0.01609	0.12107	0.08878
NE	0.02599	0.14003	0.12348
NE	0.03736	0.18508	0.2708
NE	0.05044	0.49165	0.4555
NE	0.06548	0.82661	0.82661
NE	0.08276	1.14354	1.14354
NE	0.10264	1.34444	1.34444
NE	0.12549	1.65399	1.65399
NE	0.15176	1.45277	1.45277
NE	0.18197	1.22545	1.22545
NE	0.21669	1.07908	1.07908
NE	0.25662	0.89271	0.89271
NE	0.30252	0.77217	0.77217
NE	0.3553	0.660175	0.660175
NE	0.41597	0.60433	0.60433
NE	0.48573	0.52659	0.52659
NE	0.56593	0.486485	0.486485
NE	0.65814	0.44161	0.44161
NE	0.76415	0.428955	0.428955
NE	0.88604	0.436955	0.436955
NE	1.02617	0.444125	0.444125
NE	1.18728	0.43693	0.43693
NE	1.37251	0.42752	0.42752
NE	1.58546	0.33723	0.33723
NE	1.8303	0.258485	0.258485
NE	2.11179	0.161405	0.161405
NE	2.80751	0.99263	0.99263
=========
RE	1.70994e-08
ME	0	0	0	|	0	0
ME	0.01609	0	0	|	0	0
ME	0.02599	0	4.01729e-05	|	4.50987e-05	0
ME	0.03736	0	3.50678e-05	|	2.94198e-05	0
ME	0.05044	0	2.55115e-05	|	2.9896e-05	0
ME	0.06548	0	0	|	0	0
ME	0.08276	0	0	|	0	0
ME	0.10264	0	0	|	0	0
ME	0.12549	0	0	|	0	0
ME	0.15176	0	0	|	0	0
ME	0.18197	0	0	|	0	0
ME	0.21669	0	0	|	0	0
ME	0.25662	0	0	|	0	0
ME	0.30252	0	0	|	0	0
ME	0.3553	0	0	|	0	0
ME	0.41597	0	0	|	0	0
ME	0.48573	0	0	|	0	0
ME	0.56593	0	0	|	0	0
ME	0.65814	0	0	|	0	0
ME	0.76415	0	0	|	0	0
ME	0.88604	0	0	|	0	0
ME	1.02617	0	0	|	0	0
ME	1.18728	0	0	|	0	0
ME	1.37251	0	0	|	0	0
ME	1.58546	0	0	|	0	0
ME	1.8303	0	0	|	0	0
ME	2.11179	0	0	|	0	0
ME	2.80751	0	0	|	0	0
NE	0	0.423208	0.230514
NE	0.01609	0.184492	0.138677
NE	0.02599	0.20432	0.20078
NE	0.03736	0.265696	0.405726
NE	0.05044	0.739909	0.632671
NE	0.06548	0.797344	0
NE	0.08276	1.08755	0
NE	0.10264	1.30646	0
NE	0.12549	1.66073	0
NE	0.15176	1.41514	0
NE	0.18197	1.20901	0
NE	0.21669	1.08065	0
NE	0.25662	0.898188	0
NE	0.30252	0.765028	0
NE	0.3553	0.649405	0
NE	0.41597	0.588015	0
NE	0.48573	0.495549	0
NE	0.56593	0.459073	0
NE	0.65814	0.416203	0
NE	0.76415	0.382957	0
NE	0.88604	0.416638	0
NE	1.02617	0.407862	0
NE	1.18728	0.403355	0
NE	1.37251	0.415285	0
NE	1.58546	0.30698	0
NE	1.8303	0.232144	0
NE	2.11179	0.066577	0
NE	2.80751	0	0
=========
RE	2.57572e-08
ME	0	0	0	|	0	0
ME	0.01609	0	0	|	0	0
ME	0.02599	0	5.40248e-05	|	6.05841e-05	0
ME	0.03736	0	3.96285e-05	|	2.99678e-05	0
ME	0.05044	0	2.4825e-05	|	3.42151e-05	0
ME	0.06548	0	0	|	0	0
ME	0.08276	0	0	|	0	0
ME	0.10264	0	0	|	0	0
ME	0.12549	0	0	|	0	0
ME	0.15176	0	0	|	0	0
ME	0.18197	0	0	|	0	0
ME	0.21669	0	0	|	0	0
ME	0.25662	0	0	|	0	0
ME	0.30252	0	0	|	0	0
ME	0.3553	0	0	|	0	0
ME	0.41597	0	0	|	0	0
ME	0.48573	0	0	|	0	0
ME	0.56593	0	0	|	0	0
ME	0.65814	0	0	|	0	0
ME	0.76415	0	0	|	0	0
ME	0.88604	0	0	|	0	0
ME	1.02617	0	0	|	0	0
ME	1.18728	0	0	|	0	0
ME	1.37251	0	0	|	0	0
ME	1.58546	0	0	|	0	0
ME	1.8303	0	0	|	0	0
ME	2.11179	0	0	|	0	0
ME	2.80751	0	0	|	0	0
NE	0	0.561257	0.325821
NE	0.01609	0.233665	0.199966
NE	0.02599	0.281903	0.281065
NE	0.03736	0.359859	0.505673
NE	0.05044	0.948301	0.836665
NE	0.06548	0.720778	0
NE	0.08276	1.03525	0
NE	0.10264	1.24371	0
NE	0.12549	1.5954	0
NE	0.15176	1.38381	0
NE	0.18197	1.16108	0
NE	0.21669	1.04455	0
NE	0.25662	0.855562	0
NE	0.30252	0.738853	0
NE	0.3553	0.614746	0
NE	0.41597	0.555933	0
NE	0.48573	0.471223	0
NE	0.56593	0.428374	0
NE	0.65814	0.392901	0
NE	0.76415	0.366078	0
NE	0.88604	0.396665	0
NE	1.02617	0.392685	0
NE	1.18728	0.368693	0
NE	1.37251	0.39535	0
NE	1.58546	0.323632	0
NE	1.8303	0.244022	0
NE	2.11179	0.0687735	0
NE	2.80751	0	0
=========
RE	3.46882e-08
ME	0	0	0	|	0	0
ME	0.01609	0	0	|	0	0
ME	0.02599	0	6.67014e-05	|	7.23442e-05	0
ME	0.03736	0	4.38271e-05	|	3.34616e-05	0
ME	0.05044	0	2.46614e-05	|	3.39588e-05	0
ME	0.06548	0	0	|	0	0
ME	0.08276	0	0	|	0	0
ME	0.10264	0	0	|	0	0
ME	0.12549	0	0	|	0	0
ME	0.15176	0	0	|	0	0
ME	0.18197	0	0	|	0	0
ME	0.21669	0	0	|	0	0
ME	0.25662	0	0	|	0	0
ME	0.30252	0	0	|	0	0
ME	0.3553	0	0	|	0	0
ME	0.41597	0	0	|	0	0
ME	0.48573	0	0	|	0	0
ME	0.56593	0	0	|	0	0
ME	0.65814	0	0	|	0	0
ME	0.76415	0	0	|	0	0
ME	0.88604	0	0	|	0	0
ME	1.02617	0	0	|	0	0
ME	1.18728	0	0	|	0	0
ME	1.37251	0	0	|	0	0
ME	1.58546	0	0	|	0	0
ME	1.8303	0	0	|	0	0
ME	2.11179	0	0	|	0	0
ME	2.80751	0	0	|	0	0
NE	0	0.767194	0.363181
NE	0.01609	0.291392	0.241842
NE	0.02599	0.331435	0.36429
NE	0.03736	0.424839	0.586469
NE	0.05044	1.06673	1.05451
NE	0.06548	0.653224	0
NE	0.08276	0.979954	0
NE	0.10264	1.15717	0
NE	0.12549	1.50825	0
NE	0.15176	1.32419	0
NE	0.18197	1.10562	0
NE	0.21669	1.00386	0
NE	0.25662	0.804685	0
NE	0.30252	0.6947	0
NE	0.3553	0.574791	0
NE	0.41597	0.5272	0
NE	0.48573	0.450363	0
NE	0.56593	0.404006	0
NE	0.65814	0.378799	0
NE	0.76415	0.349744	0
NE	0.88604	0.384807	0
NE	1.02617	0.381611	0
NE	1.18728	0.351525	0
NE	1.37251	0.389324	0
NE	1.58546	0.307929	0
NE	1.8303	0.228407	0
NE	2.11179	0.0934203	0
NE	2.80751	0	0
=========
RE	4.32361e-08
ME	0	0	0	|	0	0
ME	0.01609	0	0	|	0	0
ME	0.02599	0	8.63538e-05	|	9.55176e-05	0
ME	0.03736	0	4.57524e-05	|	3.4181e-05	0
ME	0.05044	0	2.49192e-05	|	3.69267e-05	0
ME	0.06548	0	0	|	0	0
ME	0.08276	0	0	|	0	0
ME	0.10264	0	0	|	0	0
ME	0.12549	0	0	|	0	0
ME	0.15176	0	0	|	0	0
ME	0.18197	0	0	|	0	0
ME	0.21669	0	0	|	0	0
ME	0.25662	0	0	|	0	0
ME	0.30252	0	0	|	0	0
ME	0.3553	0	0	|	0	0
ME	0.41597	0	0	|	0	0
ME	0.48573	0	0	|	0	0
ME	0.56593	0	0	|	0	0
ME	0.65814	0	0	|	0	0
ME	0.76415	0	0	|	0	0
ME	0.88604	0	0	|	0	0
ME	1.02617	0	0	|	0	0
ME	1.18728	0	0	|	0	0
ME	1.37251	0	0	|	0	0
ME	1.58546	0	0	|	0	0
ME	1.8303	0	0	|	0	0
ME	2.11179	0	0	|	0	0
ME	2.80751	0	0	|	0	0
NE	0	0.766329	0.377601
NE	0.01609	0.311588	0.291586
NE	0.02599	0.353164	0.420251
NE	0.03736	0.458213	0.68747
NE	0.05044	1.09563	1.17129
NE	0.06548	0.589557	0
NE	0.08276	0.904157	0
NE	0.10264	1.09245	0
NE	0.12549	1.43398	0
NE	0.15176	1.2233	0
NE	0.18197	1.04198	0
NE	0.21669	0.936605	0
NE	0.25662	0.764574	0
NE	0.30252	0.651721	0
NE	0.3553	0.537833	0
NE	0.41597	0.491805	0
NE	0.48573	0.426773	0
NE	0.56593	0.387628	0
NE	0.65814	0.369834	0
NE	0.76415	0.34354	0
NE	0.88604	0.37955	0
NE	1.02617	0.377646	0
NE	1.18728	0.342535	0
NE	1.37251	0.3693	0
NE	1.58546	0.307482	0
NE	1.8303	0.214262	0
NE	2.11179	0.0752951	0
NE	2.80751	0	0
