=========
RE	1e-08
ME	0	0	0	|	0	0
ME	0.01609	0	0	|	0	0
ME	0.02599	0	2.5e-05	|	2.5e-05	0
ME	0.03736	0	2.5e-05	|	2.5e-05	0
ME	0.05044	0	2.5e-05	|	2.5e-05	0
ME	0.06548	0	0	|	2.5e-05	0
ME	0.08276	0	0	|	2.5e-05	0
ME	0.10264	0	0	|	2.5e-05	0
ME	0.12549	0	0	|	2.5e-05	0
ME	0.15176	0	0	|	2.5e-05	0
ME	0.18197	0	0	|	2.5e-05	0
ME	0.21669	0	0	|	2.5e-05	0
ME	0.25662	0	0	|	2.5e-05	0
ME	0.30252	0	0	|	2.5e-05	0
ME	0.3553	0	0	|	2.5e-05	0
ME	0.41597	0	0	|	2.5e-05	0
ME	0.48573	0	0	|	2.5e-05	0
ME	0.56593	0	0	|	2.5e-05	0
ME	0.65814	0	0	|	2.5e-05	0
ME	0.76415	0	0	|	2.5e-05	0
ME	0.88604	0	0	|	2.5e-05	0
ME	1.02617	0	0	|	2.5e-05	0
ME	1.18728	0	0	|	2.5e-05	0
ME	1.37251	0	0	|	2.5e-05	0
ME	1.58546	0	0	|	2.5e-05	0
ME	1.8303	0	0	|	2.5e-05	0
ME	2.11179	0	0	|	2.5e-05	0
ME	2.80751	0	0	|	2.5e-05	0
NE	0	0	0.16222
NE	0.01609	0.12107	0.08878
NE	0.02599	0.14003	0.12348
NE	0.03736	0.18508	0.2708
NE	0.05044	0.49165	0.4555
NE	0.06548	0.82661	0.82661
NE	0.08276	1.14354	1.14354
NE	0.10264	1.34444	1.34444
NE	0.12549	1.65399	1.65399
NE	0.15176	1.45277	1.45277
NE	0.18197	1.22545	1.22545
NE	0.21669	1.07908	1.07908
NE	0.25662	0.89271	0.89271
NE	0.30252	0.77217	0.77217
NE	0.3553	0.660175	0.660175
NE	0.41597	0.60433	0.60433
NE	0.48573	0.52659	0.52659
NE	0.56593	0.486485	0.486485
NE	0.65814	0.44161	0.44161
NE	0.76415	0.428955	0.428955
NE	0.88604	0.436955	0.436955
NE	1.02617	0.444125	0.444125
NE	1.18728	0.43693	0.43693
NE	1.37251	0.42752	0.42752
NE	1.58546	0.33723	0.33723
NE	1.8303	0.258485	0.258485
NE	2.11179	0.161405	0.161405
NE	2.80751	0.99263	0.99263
=========
RE	1.7193e-08
ME	0	0	0	|	0	0
ME	0.01609	0	0	|	0	0
ME	0.02599	0	4.44678e-05	|	4.32219e-05	0
ME	0.03736	0	3.16186e-05	|	3.3801e-05	0
ME	0.05044	0	2.70432e-05	|	2.25415e-05	0
ME	0.06548	0	0	|	0	0
ME	0.08276	0	0	|	0	0
ME	0.10264	0	0	|	0	0
ME	0.12549	0	0	|	0	0
ME	0.15176	0	0	|	0	0
ME	0.18197	0	0	|	0	0
ME	0.21669	0	0	|	0	0
ME	0.25662	0	0	|	0	0
ME	0.30252	0	0	|	0	0
ME	0.3553	0	0	|	0	0
ME	0.41597	0	0	|	0	0
ME	0.48573	0	0	|	0	0
ME	0.56593	0	0	|	0	0
ME	0.65814	0	0	|	0	0
ME	0.76415	0	0	|	0	0
ME	0.88604	0	0	|	0	0
ME	1.02617	0	0	|	0	0
ME	1.18728	0	0	|	0	0
ME	1.37251	0	0	|	0	0
ME	1.58546	0	0	|	0	0
ME	1.8303	0	0	|	0	0
ME	2.11179	0	0	|	0	0
ME	2.80751	0	0	|	0	0
NE	0	0.478432	0.239498
NE	0.01609	0.185006	0.132964
NE	0.02599	0.212036	0.197591
NE	0.03736	0.275818	0.437759
NE	0.05044	0.712019	0.629725
NE	0.06548	0.771659	0
NE	0.08276	1.06891	0
NE	0.10264	1.30565	0
NE	0.12549	1.57913	0
NE	0.15176	1.41808	0
NE	0.18197	1.20134	0
NE	0.21669	1.08896	0
NE	0.25662	0.878226	0
NE	0.30252	0.770845	0
NE	0.3553	0.635741	0
NE	0.41597	0.584802	0
NE	0.48573	0.506963	0
NE	0.56593	0.453883	0
NE	0.65814	0.408481	0
NE	0.76415	0.403134	0
NE	0.88604	0.405836	0
NE	1.02617	0.407538	0
NE	1.18728	0.404294	0
NE	1.37251	0.393068	0
NE	1.58546	0.325794	0
NE	1.8303	0.170554	0
NE	2.11179	0.0974483	0
NE	2.80751	0	0
=========
RE	2.58877e-08
ME	0	0	0	|	0	0
ME	0.01609	0	0	|	0	0
ME	0.02599	0	6.23862e-05	|	6.23395e-05	0
ME	0.03736	0	3.55198e-05	|	3.55176e-05	0
ME	0.05044	0	2.84778e-05	|	2.35373e-05	0
ME	0.06548	0	0	|	0	0
ME	0.08276	0	0	|	0	0
ME	0.10264	0	0	|	0	0
ME	0.12549	0	0	|	0	0
ME	0.15176	0	0	|	0	0
ME	0.18197	0	0	|	0	0
ME	0.21669	0	0	|	0	0
ME	0.25662	0	0	|	0	0
ME	0.30252	0	0	|	0	0
ME	0.3553	0	0	|	0	0
ME	0.41597	0	0	|	0	0
ME	0.48573	0	0	|	0	0
ME	0.56593	0	0	|	0	0
ME	0.65814	0	0	|	0	0
ME	0.76415	0	0	|	0	0
ME	0.88604	0	0	|	0	0
ME	1.02617	0	0	|	0	0
ME	1.18728	0	0	|	0	0
ME	1.37251	0	0	|	0	0
ME	1.58546	0	0	|	0	0
ME	1.8303	0	0	|	0	0
ME	2.11179	0	0	|	0	0
ME	2.80751	0	0	|	0	0
NE	0	0.55429	0.281451
NE	0.01609	0.254453	0.185438
NE	0.02599	0.28702	0.277814
NE	0.03736	0.373196	0.591307
NE	0.05044	0.9949	0.878505
NE	0.06548	0.718095	0
NE	0.08276	1.01493	0
NE	0.10264	1.2553	0
NE	0.12549	1.53947	0
NE	0.15176	1.39453	0
NE	0.18197	1.15044	0
NE	0.21669	1.07172	0
NE	0.25662	0.857402	0
NE	0.30252	0.742032	0
NE	0.3553	0.607396	0
NE	0.41597	0.549987	0
NE	0.48573	0.481487	0
NE	0.56593	0.424053	0
NE	0.65814	0.380644	0
NE	0.76415	0.378275	0
NE	0.88604	0.379253	0
NE	1.02617	0.390605	0
NE	1.18728	0.373392	0
NE	1.37251	0.38559	0
NE	1.58546	0.300092	0
NE	1.8303	0.142762	0
NE	2.11179	0.0963313	0
NE	2.80751	0	0
=========
RE	3.4761e-08
ME	0	0	0	|	0	0
ME	0.01609	0	0	|	0	0
ME	0.02599	0	7.7222e-05	|	8.08232e-05	0
ME	0.03736	0	4.345e-05	|	4.06903e-05	0
ME	0.05044	0	3.12508e-05	|	2.47876e-05	0
ME	0.06548	0	0	|	0	0
ME	0.08276	0	0	|	0	0
ME	0.10264	0	0	|	0	0
ME	0.12549	0	0	|	0	0
ME	0.15176	0	0	|	0	0
ME	0.18197	0	0	|	0	0
ME	0.21669	0	0	|	0	0
ME	0.25662	0	0	|	0	0
ME	0.30252	0	0	|	0	0
ME	0.3553	0	0	|	0	0
ME	0.41597	0	0	|	0	0
ME	0.48573	0	0	|	0	0
ME	0.56593	0	0	|	0	0
ME	0.65814	0	0	|	0	0
ME	0.76415	0	0	|	0	0
ME	0.88604	0	0	|	0	0
ME	1.02617	0	0	|	0	0
ME	1.18728	0	0	|	0	0
ME	1.37251	0	0	|	0	0
ME	1.58546	0	0	|	0	0
ME	1.8303	0	0	|	0	0
ME	2.11179	0	0	|	0	0
ME	2.80751	0	0	|	0	0
NE	0	0.658055	0.32176
NE	0.01609	0.295917	0.231684
NE	0.02599	0.360508	0.341981
NE	0.03736	0.44117	0.737303
NE	0.05044	1.14846	1.06697
NE	0.06548	0.669469	0
NE	0.08276	0.956994	0
NE	0.10264	1.18021	0
NE	0.12549	1.46391	0
NE	0.15176	1.3149	0
NE	0.18197	1.07829	0
NE	0.21669	1.00615	0
NE	0.25662	0.811461	0
NE	0.30252	0.7049	0
NE	0.3553	0.567818	0
NE	0.41597	0.516702	0
NE	0.48573	0.46105	0
NE	0.56593	0.401581	0
NE	0.65814	0.369822	0
NE	0.76415	0.371116	0
NE	0.88604	0.359288	0
NE	1.02617	0.36605	0
NE	1.18728	0.376808	0
NE	1.37251	0.370706	0
NE	1.58546	0.293081	0
NE	1.8303	0.140491	0
NE	2.11179	0.0529795	0
NE	2.80751	0	0
=========
RE	4.33661e-08
ME	0	0	0	|	0	0
ME	0.01609	0	0	|	0	0
ME	0.02599	0	9.88378e-05	|	0.00010109	0
ME	0.03736	0	4.15953e-05	|	4.35098e-05	0
ME	0.05044	0	3.30304e-05	|	2.41254e-05	0
ME	0.06548	0	0	|	0	0
ME	0.08276	0	0	|	0	0
ME	0.10264	0	0	|	0	0
ME	0.12549	0	0	|	0	0
ME	0.15176	0	0	|	0	0
ME	0.18197	0	0	|	0	0
ME	0.21669	0	0	|	0	0
ME	0.25662	0	0	|	0	0
ME	0.30252	0	0	|	0	0
ME	0.3553	0	0	|	0	0
ME	0.41597	0	0	|	0	0
ME	0.48573	0	0	|	0	0
ME	0.56593	0	0	|	0	0
ME	0.65814	0	0	|	0	0
ME	0.76415	0	0	|	0	0
ME	0.88604	0	0	|	0	0
ME	1.02617	0	0	|	0	0
ME	1.18728	0	0	|	0	0
ME	1.37251	0	0	|	0	0
ME	1.58546	0	0	|	0	0
ME	1.8303	0	0	|	0	0
ME	2.11179	0	0	|	0	0
ME	2.80751	0	0	|	0	0
NE	0	0.714639	0.349373
NE	0.01609	0.35095	0.278512
NE	0.02599	0.390097	0.383381
NE	0.03736	0.475486	0.820829
NE	0.05044	1.17038	1.19158
NE	0.06548	0.608821	0
NE	0.08276	0.877096	0
NE	0.10264	1.09591	0
NE	0.12549	1.35744	0
NE	0.15176	1.20174	0
NE	0.18197	0.990753	0
NE	0.21669	0.941013	0
NE	0.25662	0.762249	0
NE	0.30252	0.666106	0
NE	0.3553	0.533861	0
NE	0.41597	0.490001	0
NE	0.48573	0.443862	0
NE	0.56593	0.385104	0
NE	0.65814	0.361802	0
NE	0.76415	0.361374	0
NE	0.88604	0.347623	0
NE	1.02617	0.368124	0
NE	1.18728	0.368572	0
NE	1.37251	0.389733	0
NE	1.58546	0.280822	0
NE	1.8303	0.127873	0
NE	2.11179	0.03772	0
NE	2.80751	0	0
