=========
RE	1e-08
ME	0	0	2.5e-05	|	2.5e-05	0
ME	0.01609	0	2.5e-05	|	2.5e-05	0
ME	0.02599	0	2.5e-05	|	2.5e-05	0
ME	0.03736	0	2.5e-05	|	2.5e-05	0
ME	0.05044	0	2.5e-05	|	2.5e-05	0
ME	0.06548	0	2.5e-05	|	2.5e-05	0
ME	0.08276	0	2.5e-05	|	2.5e-05	0
ME	0.10264	0	2.5e-05	|	2.5e-05	0
ME	0.12549	0	2.5e-05	|	2.5e-05	0
ME	0.15176	0	2.5e-05	|	2.5e-05	0
ME	0.18197	0	2.5e-05	|	2.5e-05	0
ME	0.21669	0	2.5e-05	|	2.5e-05	0
ME	0.25662	0	2.5e-05	|	2.5e-05	0
ME	0.30252	0	2.5e-05	|	2.5e-05	0
ME	0.3553	0	2.5e-05	|	2.5e-05	0
ME	0.41597	0	2.5e-05	|	2.5e-05	0
ME	0.48573	0	2.5e-05	|	2.5e-05	0
ME	0.56593	0	2.5e-05	|	2.5e-05	0
ME	0.65814	0	2.5e-05	|	2.5e-05	0
ME	0.76415	0	2.5e-05	|	2.5e-05	0
ME	0.88604	0	2.5e-05	|	2.5e-05	0
ME	1.02617	0	2.5e-05	|	2.5e-05	0
ME	1.18728	0	2.5e-05	|	2.5e-05	0
ME	1.37251	0	2.5e-05	|	2.5e-05	0
ME	1.58546	0	2.5e-05	|	2.5e-05	0
ME	1.8303	0	2.5e-05	|	2.5e-05	0
ME	2.11179	0	2.5e-05	|	2.5e-05	0
ME	2.80751	0	2.5e-05	|	2.5e-05	0
NE	0	0.3033	0.16222
NE	0.01609	0.12107	0.08878
NE	0.02599	0.14003	0.12348
NE	0.03736	0.18508	0.2708
NE	0.05044	0.49165	0.4555
NE	0.06548	0.82661	0.82661
NE	0.08276	1.14354	1.14354
NE	0.10264	1.34444	1.34444
NE	0.12549	1.65399	1.65399
NE	0.15176	1.45277	1.45277
NE	0.18197	1.22545	1.22545
NE	0.21669	1.07908	1.07908
NE	0.25662	0.89271	0.89271
NE	0.30252	0.77217	0.77217
NE	0.3553	0.660175	0.660175
NE	0.41597	0.60433	0.60433
NE	0.48573	0.52659	0.52659
NE	0.56593	0.486485	0.486485
NE	0.65814	0.44161	0.44161
NE	0.76415	0.428955	0.428955
NE	0.88604	0.436955	0.436955
NE	1.02617	0.444125	0.444125
NE	1.18728	0.43693	0.43693
NE	1.37251	0.42752	0.42752
NE	1.58546	0.33723	0.33723
NE	1.8303	0.258485	0.258485
NE	2.11179	0.161405	0.161405
NE	2.80751	0.99263	0.99263
=========
RE	1.53778e-08
ME	0	0	6.08289e-05	|	6.26193e-05	0
ME	0.01609	0	6.43688e-05	|	6.20173e-05	0
ME	0.02599	0	5.35438e-05	|	5.17151e-05	0
ME	0.03736	0	4.87372e-05	|	4.84568e-05	0
ME	0.05044	0	4.22192e-05	|	4.31015e-05	0
ME	0.06548	0	4.03758e-05	|	3.5927e-05	0
ME	0.08276	0	3.64232e-05	|	3.6738e-05	0
ME	0.10264	0	3.58864e-05	|	3.17079e-05	0
ME	0.12549	0	3.39865e-05	|	3.37557e-05	0
ME	0.15176	0	3.19127e-05	|	2.96181e-05	0
ME	0.18197	0	3.04056e-05	|	2.99815e-05	0
ME	0.21669	0	3.02015e-05	|	2.76452e-05	0
ME	0.25662	0	2.93346e-05	|	2.76261e-05	0
ME	0.30252	0	3.05824e-05	|	2.81979e-05	0
ME	0.3553	0	2.80735e-05	|	2.73219e-05	0
ME	0.41597	0	2.85924e-05	|	2.77868e-05	0
ME	0.48573	0	2.77638e-05	|	2.87084e-05	0
ME	0.56593	0	2.86029e-05	|	2.83374e-05	0
ME	0.65814	0	3.0216e-05	|	2.88662e-05	0
ME	0.76415	0	2.79914e-05	|	2.88315e-05	0
ME	0.88604	0	2.84712e-05	|	2.86127e-05	0
ME	1.02617	0	2.7671e-05	|	2.75896e-05	0
ME	1.18728	0	2.91574e-05	|	2.83221e-05	0
ME	1.37251	0	2.83222e-05	|	2.7279e-05	0
ME	1.58546	0	2.59562e-05	|	2.99192e-05	0
ME	1.8303	0	2.91288e-05	|	2.69186e-05	0
ME	2.11179	0	3.05939e-05	|	2.98549e-05	0
ME	2.80751	0	2.57922e-05	|	2.52309e-05	0
NE	0	0.422239	0.234361
NE	0.01609	0.150078	0.124213
NE	0.02599	0.190515	0.178555
NE	0.03736	0.244683	0.352069
NE	0.05044	0.609673	0.548698
NE	0.06548	0.887255	0.867642
NE	0.08276	1.08425	1.161
NE	0.10264	1.35013	1.30456
NE	0.12549	1.50606	1.58566
NE	0.15176	1.4141	1.35579
NE	0.18197	1.15068	1.14206
NE	0.21669	1.04492	1.01331
NE	0.25662	0.790881	0.823692
NE	0.30252	0.700662	0.733131
NE	0.3553	0.608521	0.60211
NE	0.41597	0.538772	0.55403
NE	0.48573	0.467087	0.4741
NE	0.56593	0.42079	0.420134
NE	0.65814	0.375116	0.364813
NE	0.76415	0.360148	0.368446
NE	0.88604	0.372205	0.364467
NE	1.02617	0.37866	0.375654
NE	1.18728	0.367783	0.371845
NE	1.37251	0.344986	0.375811
NE	1.58546	0.319175	0.295046
NE	1.8303	0.234191	0.240597
NE	2.11179	0.147393	0.146751
NE	2.80751	0.844459	0.799459
=========
RE	2.1813e-08
ME	0	0	8.75243e-05	|	9.67454e-05	0
ME	0.01609	0	0.000111414	|	0.000117769	0
ME	0.02599	0	8.43919e-05	|	7.57691e-05	0
ME	0.03736	0	7.50179e-05	|	6.54563e-05	0
ME	0.05044	0	6.03297e-05	|	5.17109e-05	0
ME	0.06548	0	5.58558e-05	|	4.27932e-05	0
ME	0.08276	0	4.66328e-05	|	4.81589e-05	0
ME	0.10264	0	4.54216e-05	|	3.40495e-05	0
ME	0.12549	0	4.02016e-05	|	3.64646e-05	0
ME	0.15176	0	3.91544e-05	|	2.91967e-05	0
ME	0.18197	0	3.37162e-05	|	3.22664e-05	0
ME	0.21669	0	3.31525e-05	|	2.77262e-05	0
ME	0.25662	0	3.26831e-05	|	2.94348e-05	0
ME	0.30252	0	3.32151e-05	|	3.02202e-05	0
ME	0.3553	0	3.20134e-05	|	2.94798e-05	0
ME	0.41597	0	3.12067e-05	|	2.92093e-05	0
ME	0.48573	0	3.07383e-05	|	3.11975e-05	0
ME	0.56593	0	3.19224e-05	|	3.06352e-05	0
ME	0.65814	0	3.29354e-05	|	3.2698e-05	0
ME	0.76415	0	3.06642e-05	|	3.1974e-05	0
ME	0.88604	0	3.21726e-05	|	3.23084e-05	0
ME	1.02617	0	3.09704e-05	|	3.12416e-05	0
ME	1.18728	0	3.12395e-05	|	3.17844e-05	0
ME	1.37251	0	3.08657e-05	|	2.91831e-05	0
ME	1.58546	0	2.86546e-05	|	3.30572e-05	0
ME	1.8303	0	3.1844e-05	|	3.00128e-05	0
ME	2.11179	0	3.47825e-05	|	3.46075e-05	0
ME	2.80751	0	3.11127e-05	|	2.57612e-05	0
NE	0	0.494935	0.283229
NE	0.01609	0.19431	0.156204
NE	0.02599	0.229955	0.221269
NE	0.03736	0.272717	0.432765
NE	0.05044	0.636063	0.540558
NE	0.06548	0.92426	0.8273
NE	0.08276	1.01676	1.11239
NE	0.10264	1.24974	1.24336
NE	0.12549	1.36925	1.53171
NE	0.15176	1.3043	1.2506
NE	0.18197	1.04007	1.04549
NE	0.21669	0.933886	0.903329
NE	0.25662	0.704592	0.752549
NE	0.30252	0.642039	0.660739
NE	0.3553	0.539638	0.548367
NE	0.41597	0.4925	0.494853
NE	0.48573	0.413497	0.417382
NE	0.56593	0.369458	0.366837
NE	0.65814	0.324821	0.314189
NE	0.76415	0.316378	0.310393
NE	0.88604	0.323646	0.319483
NE	1.02617	0.321351	0.322989
NE	1.18728	0.318204	0.326856
NE	1.37251	0.306608	0.346254
NE	1.58546	0.282666	0.256534
NE	1.8303	0.210061	0.221201
NE	2.11179	0.136498	0.127151
NE	2.80751	0.693481	0.718804
=========
RE	2.86536e-08
ME	0	0	0.000128689	|	0.00013066	0
ME	0.01609	0	0.000147339	|	0.000164465	0
ME	0.02599	0	0.000108021	|	0.000102612	0
ME	0.03736	0	0.000100872	|	8.02688e-05	0
ME	0.05044	0	7.71802e-05	|	5.91483e-05	0
ME	0.06548	0	6.67506e-05	|	4.73746e-05	0
ME	0.08276	0	5.78849e-05	|	5.16908e-05	0
ME	0.10264	0	5.36468e-05	|	3.61648e-05	0
ME	0.12549	0	4.58431e-05	|	3.70566e-05	0
ME	0.15176	0	4.64652e-05	|	3.07239e-05	0
ME	0.18197	0	3.80369e-05	|	3.11981e-05	0
ME	0.21669	0	3.85715e-05	|	2.73331e-05	0
ME	0.25662	0	3.64909e-05	|	2.94851e-05	0
ME	0.30252	0	3.53645e-05	|	3.09675e-05	0
ME	0.3553	0	3.52886e-05	|	2.95188e-05	0
ME	0.41597	0	3.45544e-05	|	2.99442e-05	0
ME	0.48573	0	3.384e-05	|	3.26642e-05	0
ME	0.56593	0	3.57484e-05	|	3.45648e-05	0
ME	0.65814	0	3.78188e-05	|	3.72545e-05	0
ME	0.76415	0	3.36669e-05	|	3.39756e-05	0
ME	0.88604	0	3.60884e-05	|	3.6066e-05	0
ME	1.02617	0	3.3285e-05	|	3.3534e-05	0
ME	1.18728	0	3.45324e-05	|	3.32127e-05	0
ME	1.37251	0	3.37715e-05	|	3.22641e-05	0
ME	1.58546	0	3.16035e-05	|	3.37276e-05	0
ME	1.8303	0	3.56664e-05	|	3.25706e-05	0
ME	2.11179	0	3.99104e-05	|	3.78939e-05	0
ME	2.80751	0	3.12844e-05	|	2.69067e-05	0
NE	0	0.549982	0.339654
NE	0.01609	0.216139	0.178875
NE	0.02599	0.252068	0.245418
NE	0.03736	0.284563	0.443226
NE	0.05044	0.644337	0.535534
NE	0.06548	0.901057	0.792411
NE	0.08276	0.977344	1.0562
NE	0.10264	1.13406	1.13971
NE	0.12549	1.24421	1.41247
NE	0.15176	1.19744	1.12957
NE	0.18197	0.924268	0.935643
NE	0.21669	0.863136	0.824017
NE	0.25662	0.636234	0.666851
NE	0.30252	0.574951	0.592098
NE	0.3553	0.48877	0.486231
NE	0.41597	0.433157	0.445346
NE	0.48573	0.366028	0.369481
NE	0.56593	0.333072	0.322662
NE	0.65814	0.28587	0.277612
NE	0.76415	0.276941	0.276238
NE	0.88604	0.287659	0.283126
NE	1.02617	0.291131	0.292163
NE	1.18728	0.291244	0.290078
NE	1.37251	0.281028	0.331309
NE	1.58546	0.25889	0.24496
NE	1.8303	0.197879	0.208172
NE	2.11179	0.133255	0.120991
NE	2.80751	0.595976	0.646629
=========
RE	3.55289e-08
ME	0	0	0.000180298	|	0.000132931	0
ME	0.01609	0	0.000204388	|	0.000181333	0
ME	0.02599	0	0.000148229	|	0.000113517	0
ME	0.03736	0	0.000132634	|	8.31087e-05	0
ME	0.05044	0	0.000102837	|	6.04228e-05	0
ME	0.06548	0	8.01745e-05	|	5.02829e-05	0
ME	0.08276	0	6.83506e-05	|	5.00825e-05	0
ME	0.10264	0	6.68614e-05	|	3.71232e-05	0
ME	0.12549	0	5.40498e-05	|	3.50429e-05	0
ME	0.15176	0	5.41083e-05	|	2.92286e-05	0
ME	0.18197	0	4.67267e-05	|	2.84598e-05	0
ME	0.21669	0	4.51097e-05	|	2.67942e-05	0
ME	0.25662	0	3.9585e-05	|	2.7025e-05	0
ME	0.30252	0	3.99372e-05	|	3.0549e-05	0
ME	0.3553	0	3.92543e-05	|	2.99157e-05	0
ME	0.41597	0	3.75908e-05	|	3.07685e-05	0
ME	0.48573	0	3.64109e-05	|	3.51014e-05	0
ME	0.56593	0	3.79023e-05	|	3.81099e-05	0
ME	0.65814	0	4.06713e-05	|	4.2034e-05	0
ME	0.76415	0	3.60776e-05	|	3.89032e-05	0
ME	0.88604	0	3.92023e-05	|	3.947e-05	0
ME	1.02617	0	3.65415e-05	|	3.68032e-05	0
ME	1.18728	0	3.68816e-05	|	3.51291e-05	0
ME	1.37251	0	3.44745e-05	|	3.47721e-05	0
ME	1.58546	0	3.51937e-05	|	3.56982e-05	0
ME	1.8303	0	3.84859e-05	|	3.55283e-05	0
ME	2.11179	0	4.35529e-05	|	4.15471e-05	0
ME	2.80751	0	2.86139e-05	|	2.90557e-05	0
NE	0	0.570869	0.362755
NE	0.01609	0.238568	0.192941
NE	0.02599	0.249587	0.268848
NE	0.03736	0.274822	0.435219
NE	0.05044	0.665733	0.508868
NE	0.06548	0.841444	0.753897
NE	0.08276	0.884386	0.972691
NE	0.10264	1.00077	1.02498
NE	0.12549	1.13539	1.30096
NE	0.15176	1.07115	1.01147
NE	0.18197	0.841387	0.839127
NE	0.21669	0.785595	0.74064
NE	0.25662	0.558771	0.591382
NE	0.30252	0.513872	0.529431
NE	0.3553	0.4432	0.434217
NE	0.41597	0.396412	0.401933
NE	0.48573	0.33505	0.331024
NE	0.56593	0.307762	0.290835
NE	0.65814	0.253606	0.24928
NE	0.76415	0.252605	0.248145
NE	0.88604	0.257299	0.2625
NE	1.02617	0.262076	0.268036
NE	1.18728	0.266737	0.268743
NE	1.37251	0.263051	0.299296
NE	1.58546	0.239219	0.237313
NE	1.8303	0.190242	0.198881
NE	2.11179	0.132028	0.112242
NE	2.80751	0.541302	0.678714
