=========
RE	1e-08
ME	0	0	0	|	0	0
ME	0.01609	0	0	|	0	0
ME	0.02599	0	2.5e-05	|	2.5e-05	0
ME	0.03736	0	2.5e-05	|	2.5e-05	0
ME	0.05044	0	2.5e-05	|	2.5e-05	0
ME	0.06548	0	0	|	2.5e-05	0
ME	0.08276	0	0	|	2.5e-05	0
ME	0.10264	0	0	|	2.5e-05	0
ME	0.12549	0	0	|	2.5e-05	0
ME	0.15176	0	0	|	2.5e-05	0
ME	0.18197	0	0	|	2.5e-05	0
ME	0.21669	0	0	|	2.5e-05	0
ME	0.25662	0	0	|	2.5e-05	0
ME	0.30252	0	0	|	2.5e-05	0
ME	0.3553	0	0	|	2.5e-05	0
ME	0.41597	0	0	|	2.5e-05	0
ME	0.48573	0	0	|	2.5e-05	0
ME	0.56593	0	0	|	2.5e-05	0
ME	0.65814	0	0	|	2.5e-05	0
ME	0.76415	0	0	|	2.5e-05	0
ME	0.88604	0	0	|	2.5e-05	0
ME	1.02617	0	0	|	2.5e-05	0
ME	1.18728	0	0	|	2.5e-05	0
ME	1.37251	0	0	|	2.5e-05	0
ME	1.58546	0	0	|	2.5e-05	0
ME	1.8303	0	0	|	2.5e-05	0
ME	2.11179	0	0	|	2.5e-05	0
ME	2.80751	0	0	|	2.5e-05	0
NE	0	0.3033	0.16222
NE	0.01609	0.12107	0.08878
NE	0.02599	0.14003	0.12348
NE	0.03736	0.18508	0.2708
NE	0.05044	0.49165	0.4555
NE	0.06548	0.82661	0.82661
NE	0.08276	1.14354	1.14354
NE	0.10264	1.34444	1.34444
NE	0.12549	1.65399	1.65399
NE	0.15176	1.45277	1.45277
NE	0.18197	1.22545	1.22545
NE	0.21669	1.07908	1.07908
NE	0.25662	0.89271	0.89271
NE	0.30252	0.77217	0.77217
NE	0.3553	0.660175	0.660175
NE	0.41597	0.60433	0.60433
NE	0.48573	0.52659	0.52659
NE	0.56593	0.486485	0.486485
NE	0.65814	0.44161	0.44161
NE	0.76415	0.428955	0.428955
NE	0.88604	0.436955	0.436955
NE	1.02617	0.444125	0.444125
NE	1.18728	0.43693	0.43693
NE	1.37251	0.42752	0.42752
NE	1.58546	0.33723	0.33723
NE	1.8303	0.258485	0.258485
NE	2.11179	0.161405	0.161405
NE	2.80751	0.99263	0.99263
=========
RE	1.7209e-08
ME	0	0	0	|	0	0
ME	0.01609	0	0	|	0	0
ME	0.02599	0	4.11949e-05	|	4.05298e-05	0
ME	0.03736	0	2.65585e-05	|	3.06621e-05	0
ME	0.05044	0	2.83153e-05	|	2.82154e-05	0
ME	0.06548	0	0	|	0	0
ME	0.08276	0	0	|	0	0
ME	0.10264	0	0	|	0	0
ME	0.12549	0	0	|	0	0
ME	0.15176	0	0	|	0	0
ME	0.18197	0	0	|	0	0
ME	0.21669	0	0	|	0	0
ME	0.25662	0	0	|	0	0
ME	0.30252	0	0	|	0	0
ME	0.3553	0	0	|	0	0
ME	0.41597	0	0	|	0	0
ME	0.48573	0	0	|	0	0
ME	0.56593	0	0	|	0	0
ME	0.65814	0	0	|	0	0
ME	0.76415	0	0	|	0	0
ME	0.88604	0	0	|	0	0
ME	1.02617	0	0	|	0	0
ME	1.18728	0	0	|	0	0
ME	1.37251	0	0	|	0	0
ME	1.58546	0	0	|	0	0
ME	1.8303	0	0	|	0	0
ME	2.11179	0	0	|	0	0
ME	2.80751	0	0	|	0	0
NE	0	0.434598	0.224119
NE	0.01609	0.183868	0.144969
NE	0.02599	0.215369	0.200009
NE	0.03736	0.285616	0.424437
NE	0.05044	0.735039	0.688487
NE	0.06548	0.775192	0.3033
NE	0.08276	1.08907	0.3033
NE	0.10264	1.2791	0.3033
NE	0.12549	1.6068	0.3033
NE	0.15176	1.43683	0.3033
NE	0.18197	1.20699	0.3033
NE	0.21669	1.0679	0.3033
NE	0.25662	0.897608	0.3033
NE	0.30252	0.775147	0.3033
NE	0.3553	0.653393	0.3033
NE	0.41597	0.589039	0.3033
NE	0.48573	0.49909	0.3033
NE	0.56593	0.466736	0.3033
NE	0.65814	0.410703	0.3033
NE	0.76415	0.394304	0.3033
NE	0.88604	0.412422	0.3033
NE	1.02617	0.414054	0.3033
NE	1.18728	0.406248	0.3033
NE	1.37251	0.376652	0.3033
NE	1.58546	0.301216	0.3033
NE	1.8303	0.175767	0.3033
NE	2.11179	0.121844	0.3033
NE	2.80751	0.3033	0.3033
=========
RE	2.58158e-08
ME	0	0	0	|	0	0
ME	0.01609	0	0	|	0	0
ME	0.02599	0	4.95031e-05	|	5.77113e-05	0
ME	0.03736	0	3.3543e-05	|	3.58931e-05	0
ME	0.05044	0	3.17748e-05	|	2.6404e-05	0
ME	0.06548	0	0	|	0	0
ME	0.08276	0	0	|	0	0
ME	0.10264	0	0	|	0	0
ME	0.12549	0	0	|	0	0
ME	0.15176	0	0	|	0	0
ME	0.18197	0	0	|	0	0
ME	0.21669	0	0	|	0	0
ME	0.25662	0	0	|	0	0
ME	0.30252	0	0	|	0	0
ME	0.3553	0	0	|	0	0
ME	0.41597	0	0	|	0	0
ME	0.48573	0	0	|	0	0
ME	0.56593	0	0	|	0	0
ME	0.65814	0	0	|	0	0
ME	0.76415	0	0	|	0	0
ME	0.88604	0	0	|	0	0
ME	1.02617	0	0	|	0	0
ME	1.18728	0	0	|	0	0
ME	1.37251	0	0	|	0	0
ME	1.58546	0	0	|	0	0
ME	1.8303	0	0	|	0	0
ME	2.11179	0	0	|	0	0
ME	2.80751	0	0	|	0	0
NE	0	0.534163	0.308536
NE	0.01609	0.267475	0.205755
NE	0.02599	0.303042	0.271569
NE	0.03736	0.392966	0.55705
NE	0.05044	0.93858	0.892746
NE	0.06548	0.716389	0.3033
NE	0.08276	1.04515	0.3033
NE	0.10264	1.24124	0.3033
NE	0.12549	1.55558	0.3033
NE	0.15176	1.36302	0.3033
NE	0.18197	1.17641	0.3033
NE	0.21669	1.0293	0.3033
NE	0.25662	0.862017	0.3033
NE	0.30252	0.747516	0.3033
NE	0.3553	0.612477	0.3033
NE	0.41597	0.560501	0.3033
NE	0.48573	0.465217	0.3033
NE	0.56593	0.435666	0.3033
NE	0.65814	0.384621	0.3033
NE	0.76415	0.372341	0.3033
NE	0.88604	0.401231	0.3033
NE	1.02617	0.393298	0.3033
NE	1.18728	0.386313	0.3033
NE	1.37251	0.365963	0.3033
NE	1.58546	0.274293	0.3033
NE	1.8303	0.173017	0.3033
NE	2.11179	0.466499	0.3033
NE	2.80751	0.3033	0.3033
=========
RE	3.46555e-08
ME	0	0	0	|	0	0
ME	0.01609	0	0	|	0	0
ME	0.02599	0	7.55371e-05	|	8.15702e-05	0
ME	0.03736	0	4.15777e-05	|	3.99645e-05	0
ME	0.05044	0	3.40469e-05	|	2.45366e-05	0
ME	0.06548	0	0	|	0	0
ME	0.08276	0	0	|	0	0
ME	0.10264	0	0	|	0	0
ME	0.12549	0	0	|	0	0
ME	0.15176	0	0	|	0	0
ME	0.18197	0	0	|	0	0
ME	0.21669	0	0	|	0	0
ME	0.25662	0	0	|	0	0
ME	0.30252	0	0	|	0	0
ME	0.3553	0	0	|	0	0
ME	0.41597	0	0	|	0	0
ME	0.48573	0	0	|	0	0
ME	0.56593	0	0	|	0	0
ME	0.65814	0	0	|	0	0
ME	0.76415	0	0	|	0	0
ME	0.88604	0	0	|	0	0
ME	1.02617	0	0	|	0	0
ME	1.18728	0	0	|	0	0
ME	1.37251	0	0	|	0	0
ME	1.58546	0	0	|	0	0
ME	1.8303	0	0	|	0	0
ME	2.11179	0	0	|	0	0
ME	2.80751	0	0	|	0	0
NE	0	0.621972	0.345301
NE	0.01609	0.315557	0.241663
NE	0.02599	0.36611	0.343811
NE	0.03736	0.46048	0.700098
NE	0.05044	1.1091	1.01926
NE	0.06548	0.657338	0.3033
NE	0.08276	0.98281	0.3033
NE	0.10264	1.18426	0.3033
NE	0.12549	1.47138	0.3033
NE	0.15176	1.28235	0.3033
NE	0.18197	1.10567	0.3033
NE	0.21669	0.976677	0.3033
NE	0.25662	0.820357	0.3033
NE	0.30252	0.703817	0.3033
NE	0.3553	0.570679	0.3033
NE	0.41597	0.532883	0.3033
NE	0.48573	0.439028	0.3033
NE	0.56593	0.415711	0.3033
NE	0.65814	0.361137	0.3033
NE	0.76415	0.356407	0.3033
NE	0.88604	0.393099	0.3033
NE	1.02617	0.372167	0.3033
NE	1.18728	0.374346	0.3033
NE	1.37251	0.37575	0.3033
NE	1.58546	0.270527	0.3033
NE	1.8303	0.156444	0.3033
NE	2.11179	0.27688	0.3033
NE	2.80751	0.287194	0.3033
=========
RE	4.3328e-08
ME	0	0	0	|	0	0
ME	0.01609	0	0	|	0	0
ME	0.02599	0	8.71333e-05	|	9.86118e-05	0
ME	0.03736	0	4.32153e-05	|	4.22779e-05	0
ME	0.05044	0	3.59278e-05	|	2.56491e-05	0
ME	0.06548	0	0	|	0	0
ME	0.08276	0	0	|	0	0
ME	0.10264	0	0	|	0	0
ME	0.12549	0	0	|	0	0
ME	0.15176	0	0	|	0	0
ME	0.18197	0	0	|	0	0
ME	0.21669	0	0	|	0	0
ME	0.25662	0	0	|	0	0
ME	0.30252	0	0	|	0	0
ME	0.3553	0	0	|	0	0
ME	0.41597	0	0	|	0	0
ME	0.48573	0	0	|	0	0
ME	0.56593	0	0	|	0	0
ME	0.65814	0	0	|	0	0
ME	0.76415	0	0	|	0	0
ME	0.88604	0	0	|	0	0
ME	1.02617	0	0	|	0	0
ME	1.18728	0	0	|	0	0
ME	1.37251	0	0	|	0	0
ME	1.58546	0	0	|	0	0
ME	1.8303	0	0	|	0	0
ME	2.11179	0	0	|	0	0
ME	2.80751	0	0	|	0	0
NE	0	0.67934	0.369369
NE	0.01609	0.358376	0.273562
NE	0.02599	0.414431	0.387667
NE	0.03736	0.519691	0.822488
NE	0.05044	1.20343	1.17186
NE	0.06548	0.596922	0.3033
NE	0.08276	0.904465	0.3033
NE	0.10264	1.11742	0.3033
NE	0.12549	1.35086	0.3033
NE	0.15176	1.19484	0.3033
NE	0.18197	1.03594	0.3033
NE	0.21669	0.918463	0.3033
NE	0.25662	0.774959	0.3033
NE	0.30252	0.66427	0.3033
NE	0.3553	0.52844	0.3033
NE	0.41597	0.497727	0.3033
NE	0.48573	0.417648	0.3033
NE	0.56593	0.39161	0.3033
NE	0.65814	0.347692	0.3033
NE	0.76415	0.345465	0.3033
NE	0.88604	0.390532	0.3033
NE	1.02617	0.372016	0.3033
NE	1.18728	0.371876	0.3033
NE	1.37251	0.383427	0.3033
NE	1.58546	0.262795	0.3033
NE	1.8303	0.143787	0.3033
NE	2.11179	0.180119	0.3033
NE	2.80751	0.449089	0.3033
